{
 "cells": [
  {
   "cell_type": "code",
   "execution_count": 1,
   "metadata": {},
   "outputs": [],
   "source": [
    "from matplotlib import pyplot as plt\n",
    "import pandas as pd \n",
    "import numpy as np\n",
    "import warnings\n",
    "warnings.filterwarnings('ignore')\n",
    "from sklearn.ensemble import RandomForestRegressor\n",
    "from sklearn import metrics as m\n",
    "from sklearn.model_selection import train_test_split\n",
    "import xgboost as xgb\n",
    "import seaborn as sns\n"
   ]
  },
  {
   "cell_type": "markdown",
   "metadata": {},
   "source": [
    "Read the data\n",
    "==========="
   ]
  },
  {
   "cell_type": "code",
   "execution_count": 2,
   "metadata": {},
   "outputs": [],
   "source": [
    "x_original=pd.read_csv('../_xlable4_withNa_AllColumns.txt')\n",
    "y_original=pd.read_csv('../_targelable4_withNa_AllColumns.txt')\n",
    "\n",
    "\n",
    "x_original['max']=np.min(x_original[['FIELD_6','FIELD_7']],axis=1)\n",
    "x_original=x_original.drop(columns=['FIELD_6','FIELD_7'])\n",
    "x_original=x_original.query('FIELD_16 != 1 and FIELD_23 != 1')\n",
    "\n",
    "y_original['max']=np.min(y_original[['FIELD_6','FIELD_7']],axis=1)\n",
    "y_original=y_original.drop(columns=['FIELD_6','FIELD_7'])\n",
    "y_original=y_original.query('FIELD_16 != 1 and FIELD_23 != 1')\n",
    "\n"
   ]
  },
  {
   "cell_type": "code",
   "execution_count": 4,
   "metadata": {},
   "outputs": [
    {
     "name": "stdout",
     "output_type": "stream",
     "text": [
      "(159381, 407)\n",
      "(159381, 407)\n"
     ]
    }
   ],
   "source": [
    "\n",
    "x=x_original[['Unnamed: 0','L100700', 'S000300', 'L103000', 'L103300', 'L107400',\n",
    "       'L100200', 'L103100', 'S000501', 'S000100', 'L103800', 'L101700',\n",
    "       'L100500', 'L190800', 'L101300', 'S000502',\n",
    "              \n",
    "             'FIELD_15','FIELD_17','FIELD_22','FIELD_24','FIELD_16','FIELD_23','AGE','SEX']]\n",
    "\n",
    "y=y_original[['Unnamed: 0','L100700']]\n",
    "\n",
    "print(x_original.shape)\n",
    "print(y_original.shape)"
   ]
  },
  {
   "cell_type": "markdown",
   "metadata": {},
   "source": [
    "Prepare the data\n",
    "============"
   ]
  },
  {
   "cell_type": "code",
   "execution_count": 5,
   "metadata": {},
   "outputs": [
    {
     "name": "stdout",
     "output_type": "stream",
     "text": [
      "(58051, 26)\n"
     ]
    },
    {
     "data": {
      "text/html": [
       "<div>\n",
       "<style scoped>\n",
       "    .dataframe tbody tr th:only-of-type {\n",
       "        vertical-align: middle;\n",
       "    }\n",
       "\n",
       "    .dataframe tbody tr th {\n",
       "        vertical-align: top;\n",
       "    }\n",
       "\n",
       "    .dataframe thead th {\n",
       "        text-align: right;\n",
       "    }\n",
       "</style>\n",
       "<table border=\"1\" class=\"dataframe\">\n",
       "  <thead>\n",
       "    <tr style=\"text-align: right;\">\n",
       "      <th></th>\n",
       "      <th>index</th>\n",
       "      <th>Unnamed: 0</th>\n",
       "      <th>L100700_x</th>\n",
       "      <th>S000300</th>\n",
       "      <th>L103000</th>\n",
       "      <th>L103300</th>\n",
       "      <th>L107400</th>\n",
       "      <th>L100200</th>\n",
       "      <th>L103100</th>\n",
       "      <th>S000501</th>\n",
       "      <th>...</th>\n",
       "      <th>S000502</th>\n",
       "      <th>FIELD_15</th>\n",
       "      <th>FIELD_17</th>\n",
       "      <th>FIELD_22</th>\n",
       "      <th>FIELD_24</th>\n",
       "      <th>FIELD_16</th>\n",
       "      <th>FIELD_23</th>\n",
       "      <th>AGE</th>\n",
       "      <th>SEX</th>\n",
       "      <th>L100700_y</th>\n",
       "    </tr>\n",
       "  </thead>\n",
       "  <tbody>\n",
       "    <tr>\n",
       "      <th>0</th>\n",
       "      <td>0</td>\n",
       "      <td>0</td>\n",
       "      <td>3.0</td>\n",
       "      <td>20.1</td>\n",
       "      <td>53.0</td>\n",
       "      <td>3.1</td>\n",
       "      <td>12.5</td>\n",
       "      <td>4.5</td>\n",
       "      <td>68.0</td>\n",
       "      <td>121.0</td>\n",
       "      <td>...</td>\n",
       "      <td>67.0</td>\n",
       "      <td>0.0</td>\n",
       "      <td>0.0</td>\n",
       "      <td>0.0</td>\n",
       "      <td>0.0</td>\n",
       "      <td>0.0</td>\n",
       "      <td>0.0</td>\n",
       "      <td>44.0</td>\n",
       "      <td>1.0</td>\n",
       "      <td>3.0</td>\n",
       "    </tr>\n",
       "    <tr>\n",
       "      <th>1</th>\n",
       "      <td>1</td>\n",
       "      <td>1</td>\n",
       "      <td>3.0</td>\n",
       "      <td>19.7</td>\n",
       "      <td>53.0</td>\n",
       "      <td>3.3</td>\n",
       "      <td>15.4</td>\n",
       "      <td>4.9</td>\n",
       "      <td>71.0</td>\n",
       "      <td>117.0</td>\n",
       "      <td>...</td>\n",
       "      <td>76.0</td>\n",
       "      <td>0.0</td>\n",
       "      <td>0.0</td>\n",
       "      <td>0.0</td>\n",
       "      <td>0.0</td>\n",
       "      <td>0.0</td>\n",
       "      <td>0.0</td>\n",
       "      <td>45.0</td>\n",
       "      <td>1.0</td>\n",
       "      <td>3.8</td>\n",
       "    </tr>\n",
       "    <tr>\n",
       "      <th>2</th>\n",
       "      <td>2</td>\n",
       "      <td>2</td>\n",
       "      <td>3.8</td>\n",
       "      <td>20.2</td>\n",
       "      <td>41.0</td>\n",
       "      <td>3.4</td>\n",
       "      <td>11.9</td>\n",
       "      <td>4.9</td>\n",
       "      <td>72.0</td>\n",
       "      <td>135.0</td>\n",
       "      <td>...</td>\n",
       "      <td>82.0</td>\n",
       "      <td>0.0</td>\n",
       "      <td>0.0</td>\n",
       "      <td>0.0</td>\n",
       "      <td>0.0</td>\n",
       "      <td>0.0</td>\n",
       "      <td>0.0</td>\n",
       "      <td>46.0</td>\n",
       "      <td>1.0</td>\n",
       "      <td>3.1</td>\n",
       "    </tr>\n",
       "    <tr>\n",
       "      <th>3</th>\n",
       "      <td>3</td>\n",
       "      <td>3</td>\n",
       "      <td>3.7</td>\n",
       "      <td>24.8</td>\n",
       "      <td>58.0</td>\n",
       "      <td>2.8</td>\n",
       "      <td>13.1</td>\n",
       "      <td>4.1</td>\n",
       "      <td>64.0</td>\n",
       "      <td>118.0</td>\n",
       "      <td>...</td>\n",
       "      <td>71.0</td>\n",
       "      <td>0.0</td>\n",
       "      <td>0.0</td>\n",
       "      <td>0.0</td>\n",
       "      <td>0.0</td>\n",
       "      <td>0.0</td>\n",
       "      <td>0.0</td>\n",
       "      <td>51.0</td>\n",
       "      <td>1.0</td>\n",
       "      <td>3.4</td>\n",
       "    </tr>\n",
       "    <tr>\n",
       "      <th>4</th>\n",
       "      <td>4</td>\n",
       "      <td>4</td>\n",
       "      <td>3.4</td>\n",
       "      <td>25.5</td>\n",
       "      <td>50.0</td>\n",
       "      <td>2.9</td>\n",
       "      <td>14.0</td>\n",
       "      <td>3.9</td>\n",
       "      <td>58.0</td>\n",
       "      <td>111.0</td>\n",
       "      <td>...</td>\n",
       "      <td>65.0</td>\n",
       "      <td>0.0</td>\n",
       "      <td>0.0</td>\n",
       "      <td>0.0</td>\n",
       "      <td>0.0</td>\n",
       "      <td>0.0</td>\n",
       "      <td>0.0</td>\n",
       "      <td>52.0</td>\n",
       "      <td>1.0</td>\n",
       "      <td>4.4</td>\n",
       "    </tr>\n",
       "  </tbody>\n",
       "</table>\n",
       "<p>5 rows × 26 columns</p>\n",
       "</div>"
      ],
      "text/plain": [
       "   index  Unnamed: 0  L100700_x  S000300  L103000  L103300  L107400  L100200  \\\n",
       "0      0           0        3.0     20.1     53.0      3.1     12.5      4.5   \n",
       "1      1           1        3.0     19.7     53.0      3.3     15.4      4.9   \n",
       "2      2           2        3.8     20.2     41.0      3.4     11.9      4.9   \n",
       "3      3           3        3.7     24.8     58.0      2.8     13.1      4.1   \n",
       "4      4           4        3.4     25.5     50.0      2.9     14.0      3.9   \n",
       "\n",
       "   L103100  S000501  ...  S000502  FIELD_15  FIELD_17  FIELD_22  FIELD_24  \\\n",
       "0     68.0    121.0  ...     67.0       0.0       0.0       0.0       0.0   \n",
       "1     71.0    117.0  ...     76.0       0.0       0.0       0.0       0.0   \n",
       "2     72.0    135.0  ...     82.0       0.0       0.0       0.0       0.0   \n",
       "3     64.0    118.0  ...     71.0       0.0       0.0       0.0       0.0   \n",
       "4     58.0    111.0  ...     65.0       0.0       0.0       0.0       0.0   \n",
       "\n",
       "   FIELD_16  FIELD_23   AGE  SEX  L100700_y  \n",
       "0       0.0       0.0  44.0  1.0        3.0  \n",
       "1       0.0       0.0  45.0  1.0        3.8  \n",
       "2       0.0       0.0  46.0  1.0        3.1  \n",
       "3       0.0       0.0  51.0  1.0        3.4  \n",
       "4       0.0       0.0  52.0  1.0        4.4  \n",
       "\n",
       "[5 rows x 26 columns]"
      ]
     },
     "execution_count": 5,
     "metadata": {},
     "output_type": "execute_result"
    }
   ],
   "source": [
    "data= pd.merge(x,y, how='inner',left_on='Unnamed: 0', right_on='Unnamed: 0')\n",
    "data=data.query('FIELD_15 !=1 and FIELD_17 !=1 and FIELD_22 != 1 and FIELD_24 != 1 and FIELD_16 != 1 and FIELD_23 != 1')\n",
    "\n",
    "# data=data[data.SEX==0]\n",
    "# data=data[data.AGE>=40]\n",
    "data=data.dropna(). reset_index()\n",
    "\n",
    "# data=data[data.FIELD_15!=1]\n",
    "# data=data[data.FIELD_17!=1]\n",
    "# data=data[data.FIELD_22!=1]\n",
    "# data=data[data.FIELD_24!=1]\n",
    "\n",
    "# data['max']=np.min(data[['FIELD_6','FIELD_7']],axis=1)\n",
    "# data=data.drop(columns=['FIELD_6','FIELD_7'])\n",
    "# data=data.query('FIELD_16 != 1 and FIELD_23 != 1')\n",
    "\n",
    "\n",
    "print(data.shape)\n",
    "data.head()"
   ]
  },
  {
   "cell_type": "markdown",
   "metadata": {},
   "source": [
    "Check the correlation of the selected feature with the independent variables\n",
    "====="
   ]
  },
  {
   "cell_type": "code",
   "execution_count": 6,
   "metadata": {},
   "outputs": [
    {
     "data": {
      "text/html": [
       "<div>\n",
       "<style scoped>\n",
       "    .dataframe tbody tr th:only-of-type {\n",
       "        vertical-align: middle;\n",
       "    }\n",
       "\n",
       "    .dataframe tbody tr th {\n",
       "        vertical-align: top;\n",
       "    }\n",
       "\n",
       "    .dataframe thead th {\n",
       "        text-align: right;\n",
       "    }\n",
       "</style>\n",
       "<table border=\"1\" class=\"dataframe\">\n",
       "  <thead>\n",
       "    <tr style=\"text-align: right;\">\n",
       "      <th></th>\n",
       "      <th>L100700_x</th>\n",
       "      <th>SEX</th>\n",
       "      <th>S000300</th>\n",
       "      <th>L103000</th>\n",
       "      <th>L103300</th>\n",
       "      <th>L107400</th>\n",
       "      <th>L100200</th>\n",
       "      <th>L103100</th>\n",
       "      <th>S000501</th>\n",
       "      <th>S000100</th>\n",
       "      <th>L103800</th>\n",
       "      <th>L101700</th>\n",
       "      <th>L100500</th>\n",
       "      <th>L190800</th>\n",
       "      <th>L101300</th>\n",
       "      <th>S000502</th>\n",
       "      <th>y</th>\n",
       "    </tr>\n",
       "  </thead>\n",
       "  <tbody>\n",
       "    <tr>\n",
       "      <th>L100700_x</th>\n",
       "      <td>1.000000</td>\n",
       "      <td>-0.642697</td>\n",
       "      <td>0.439768</td>\n",
       "      <td>0.366499</td>\n",
       "      <td>0.417777</td>\n",
       "      <td>-0.177950</td>\n",
       "      <td>0.283270</td>\n",
       "      <td>-0.326622</td>\n",
       "      <td>0.355716</td>\n",
       "      <td>0.481119</td>\n",
       "      <td>0.289727</td>\n",
       "      <td>0.349946</td>\n",
       "      <td>0.571409</td>\n",
       "      <td>0.267683</td>\n",
       "      <td>0.351353</td>\n",
       "      <td>0.317020</td>\n",
       "      <td>0.858069</td>\n",
       "    </tr>\n",
       "    <tr>\n",
       "      <th>SEX</th>\n",
       "      <td>-0.642697</td>\n",
       "      <td>1.000000</td>\n",
       "      <td>-0.430053</td>\n",
       "      <td>-0.336707</td>\n",
       "      <td>-0.435181</td>\n",
       "      <td>0.268922</td>\n",
       "      <td>-0.231597</td>\n",
       "      <td>0.418922</td>\n",
       "      <td>-0.401737</td>\n",
       "      <td>-0.732388</td>\n",
       "      <td>-0.191710</td>\n",
       "      <td>-0.344841</td>\n",
       "      <td>-0.715738</td>\n",
       "      <td>-0.308507</td>\n",
       "      <td>-0.327326</td>\n",
       "      <td>-0.334904</td>\n",
       "      <td>-0.634239</td>\n",
       "    </tr>\n",
       "    <tr>\n",
       "      <th>S000300</th>\n",
       "      <td>0.439768</td>\n",
       "      <td>-0.430053</td>\n",
       "      <td>1.000000</td>\n",
       "      <td>0.374832</td>\n",
       "      <td>0.483659</td>\n",
       "      <td>-0.105236</td>\n",
       "      <td>0.039262</td>\n",
       "      <td>-0.407423</td>\n",
       "      <td>0.455849</td>\n",
       "      <td>0.284189</td>\n",
       "      <td>0.082209</td>\n",
       "      <td>0.306940</td>\n",
       "      <td>0.332386</td>\n",
       "      <td>0.188465</td>\n",
       "      <td>0.391505</td>\n",
       "      <td>0.370798</td>\n",
       "      <td>0.436926</td>\n",
       "    </tr>\n",
       "    <tr>\n",
       "      <th>L103000</th>\n",
       "      <td>0.366499</td>\n",
       "      <td>-0.336707</td>\n",
       "      <td>0.374832</td>\n",
       "      <td>1.000000</td>\n",
       "      <td>0.616858</td>\n",
       "      <td>-0.137295</td>\n",
       "      <td>0.098803</td>\n",
       "      <td>-0.427400</td>\n",
       "      <td>0.280618</td>\n",
       "      <td>0.221172</td>\n",
       "      <td>0.129040</td>\n",
       "      <td>0.403313</td>\n",
       "      <td>0.243636</td>\n",
       "      <td>0.192572</td>\n",
       "      <td>0.299916</td>\n",
       "      <td>0.268703</td>\n",
       "      <td>0.363404</td>\n",
       "    </tr>\n",
       "    <tr>\n",
       "      <th>L103300</th>\n",
       "      <td>0.417777</td>\n",
       "      <td>-0.435181</td>\n",
       "      <td>0.483659</td>\n",
       "      <td>0.616858</td>\n",
       "      <td>1.000000</td>\n",
       "      <td>-0.115860</td>\n",
       "      <td>0.089233</td>\n",
       "      <td>-0.744032</td>\n",
       "      <td>0.294427</td>\n",
       "      <td>0.276138</td>\n",
       "      <td>0.091512</td>\n",
       "      <td>0.280620</td>\n",
       "      <td>0.337080</td>\n",
       "      <td>0.196834</td>\n",
       "      <td>0.340579</td>\n",
       "      <td>0.269604</td>\n",
       "      <td>0.410799</td>\n",
       "    </tr>\n",
       "    <tr>\n",
       "      <th>L107400</th>\n",
       "      <td>-0.177950</td>\n",
       "      <td>0.268922</td>\n",
       "      <td>-0.105236</td>\n",
       "      <td>-0.137295</td>\n",
       "      <td>-0.115860</td>\n",
       "      <td>1.000000</td>\n",
       "      <td>-0.055139</td>\n",
       "      <td>0.136568</td>\n",
       "      <td>-0.113303</td>\n",
       "      <td>-0.268463</td>\n",
       "      <td>-0.069457</td>\n",
       "      <td>-0.101649</td>\n",
       "      <td>-0.341616</td>\n",
       "      <td>-0.081899</td>\n",
       "      <td>-0.076807</td>\n",
       "      <td>-0.107344</td>\n",
       "      <td>-0.216268</td>\n",
       "    </tr>\n",
       "    <tr>\n",
       "      <th>L100200</th>\n",
       "      <td>0.283270</td>\n",
       "      <td>-0.231597</td>\n",
       "      <td>0.039262</td>\n",
       "      <td>0.098803</td>\n",
       "      <td>0.089233</td>\n",
       "      <td>-0.055139</td>\n",
       "      <td>1.000000</td>\n",
       "      <td>0.070042</td>\n",
       "      <td>0.171801</td>\n",
       "      <td>0.198823</td>\n",
       "      <td>0.503430</td>\n",
       "      <td>0.137862</td>\n",
       "      <td>0.235145</td>\n",
       "      <td>0.118917</td>\n",
       "      <td>0.173901</td>\n",
       "      <td>0.163882</td>\n",
       "      <td>0.202940</td>\n",
       "    </tr>\n",
       "    <tr>\n",
       "      <th>L103100</th>\n",
       "      <td>-0.326622</td>\n",
       "      <td>0.418922</td>\n",
       "      <td>-0.407423</td>\n",
       "      <td>-0.427400</td>\n",
       "      <td>-0.744032</td>\n",
       "      <td>0.136568</td>\n",
       "      <td>0.070042</td>\n",
       "      <td>1.000000</td>\n",
       "      <td>-0.210307</td>\n",
       "      <td>-0.299735</td>\n",
       "      <td>0.073351</td>\n",
       "      <td>-0.149418</td>\n",
       "      <td>-0.276314</td>\n",
       "      <td>-0.194221</td>\n",
       "      <td>-0.231503</td>\n",
       "      <td>-0.171808</td>\n",
       "      <td>-0.351634</td>\n",
       "    </tr>\n",
       "    <tr>\n",
       "      <th>S000501</th>\n",
       "      <td>0.355716</td>\n",
       "      <td>-0.401737</td>\n",
       "      <td>0.455849</td>\n",
       "      <td>0.280618</td>\n",
       "      <td>0.294427</td>\n",
       "      <td>-0.113303</td>\n",
       "      <td>0.171801</td>\n",
       "      <td>-0.210307</td>\n",
       "      <td>1.000000</td>\n",
       "      <td>0.302299</td>\n",
       "      <td>0.146444</td>\n",
       "      <td>0.280471</td>\n",
       "      <td>0.302752</td>\n",
       "      <td>0.152945</td>\n",
       "      <td>0.261637</td>\n",
       "      <td>0.764913</td>\n",
       "      <td>0.356133</td>\n",
       "    </tr>\n",
       "    <tr>\n",
       "      <th>S000100</th>\n",
       "      <td>0.481119</td>\n",
       "      <td>-0.732388</td>\n",
       "      <td>0.284189</td>\n",
       "      <td>0.221172</td>\n",
       "      <td>0.276138</td>\n",
       "      <td>-0.268463</td>\n",
       "      <td>0.198823</td>\n",
       "      <td>-0.299735</td>\n",
       "      <td>0.302299</td>\n",
       "      <td>1.000000</td>\n",
       "      <td>0.149265</td>\n",
       "      <td>0.228281</td>\n",
       "      <td>0.543135</td>\n",
       "      <td>0.215869</td>\n",
       "      <td>0.233415</td>\n",
       "      <td>0.226758</td>\n",
       "      <td>0.478289</td>\n",
       "    </tr>\n",
       "    <tr>\n",
       "      <th>L103800</th>\n",
       "      <td>0.289727</td>\n",
       "      <td>-0.191710</td>\n",
       "      <td>0.082209</td>\n",
       "      <td>0.129040</td>\n",
       "      <td>0.091512</td>\n",
       "      <td>-0.069457</td>\n",
       "      <td>0.503430</td>\n",
       "      <td>0.073351</td>\n",
       "      <td>0.146444</td>\n",
       "      <td>0.149265</td>\n",
       "      <td>1.000000</td>\n",
       "      <td>0.152769</td>\n",
       "      <td>0.224177</td>\n",
       "      <td>0.112435</td>\n",
       "      <td>0.147109</td>\n",
       "      <td>0.139447</td>\n",
       "      <td>0.221049</td>\n",
       "    </tr>\n",
       "    <tr>\n",
       "      <th>L101700</th>\n",
       "      <td>0.349946</td>\n",
       "      <td>-0.344841</td>\n",
       "      <td>0.306940</td>\n",
       "      <td>0.403313</td>\n",
       "      <td>0.280620</td>\n",
       "      <td>-0.101649</td>\n",
       "      <td>0.137862</td>\n",
       "      <td>-0.149418</td>\n",
       "      <td>0.280471</td>\n",
       "      <td>0.228281</td>\n",
       "      <td>0.152769</td>\n",
       "      <td>1.000000</td>\n",
       "      <td>0.238594</td>\n",
       "      <td>0.156291</td>\n",
       "      <td>0.500381</td>\n",
       "      <td>0.269249</td>\n",
       "      <td>0.326622</td>\n",
       "    </tr>\n",
       "    <tr>\n",
       "      <th>L100500</th>\n",
       "      <td>0.571409</td>\n",
       "      <td>-0.715738</td>\n",
       "      <td>0.332386</td>\n",
       "      <td>0.243636</td>\n",
       "      <td>0.337080</td>\n",
       "      <td>-0.341616</td>\n",
       "      <td>0.235145</td>\n",
       "      <td>-0.276314</td>\n",
       "      <td>0.302752</td>\n",
       "      <td>0.543135</td>\n",
       "      <td>0.224177</td>\n",
       "      <td>0.238594</td>\n",
       "      <td>1.000000</td>\n",
       "      <td>0.225908</td>\n",
       "      <td>0.242346</td>\n",
       "      <td>0.259956</td>\n",
       "      <td>0.519767</td>\n",
       "    </tr>\n",
       "    <tr>\n",
       "      <th>L190800</th>\n",
       "      <td>0.267683</td>\n",
       "      <td>-0.308507</td>\n",
       "      <td>0.188465</td>\n",
       "      <td>0.192572</td>\n",
       "      <td>0.196834</td>\n",
       "      <td>-0.081899</td>\n",
       "      <td>0.118917</td>\n",
       "      <td>-0.194221</td>\n",
       "      <td>0.152945</td>\n",
       "      <td>0.215869</td>\n",
       "      <td>0.112435</td>\n",
       "      <td>0.156291</td>\n",
       "      <td>0.225908</td>\n",
       "      <td>1.000000</td>\n",
       "      <td>0.161179</td>\n",
       "      <td>0.152414</td>\n",
       "      <td>0.256582</td>\n",
       "    </tr>\n",
       "    <tr>\n",
       "      <th>L101300</th>\n",
       "      <td>0.351353</td>\n",
       "      <td>-0.327326</td>\n",
       "      <td>0.391505</td>\n",
       "      <td>0.299916</td>\n",
       "      <td>0.340579</td>\n",
       "      <td>-0.076807</td>\n",
       "      <td>0.173901</td>\n",
       "      <td>-0.231503</td>\n",
       "      <td>0.261637</td>\n",
       "      <td>0.233415</td>\n",
       "      <td>0.147109</td>\n",
       "      <td>0.500381</td>\n",
       "      <td>0.242346</td>\n",
       "      <td>0.161179</td>\n",
       "      <td>1.000000</td>\n",
       "      <td>0.234568</td>\n",
       "      <td>0.317417</td>\n",
       "    </tr>\n",
       "    <tr>\n",
       "      <th>S000502</th>\n",
       "      <td>0.317020</td>\n",
       "      <td>-0.334904</td>\n",
       "      <td>0.370798</td>\n",
       "      <td>0.268703</td>\n",
       "      <td>0.269604</td>\n",
       "      <td>-0.107344</td>\n",
       "      <td>0.163882</td>\n",
       "      <td>-0.171808</td>\n",
       "      <td>0.764913</td>\n",
       "      <td>0.226758</td>\n",
       "      <td>0.139447</td>\n",
       "      <td>0.269249</td>\n",
       "      <td>0.259956</td>\n",
       "      <td>0.152414</td>\n",
       "      <td>0.234568</td>\n",
       "      <td>1.000000</td>\n",
       "      <td>0.302186</td>\n",
       "    </tr>\n",
       "    <tr>\n",
       "      <th>y</th>\n",
       "      <td>0.858069</td>\n",
       "      <td>-0.634239</td>\n",
       "      <td>0.436926</td>\n",
       "      <td>0.363404</td>\n",
       "      <td>0.410799</td>\n",
       "      <td>-0.216268</td>\n",
       "      <td>0.202940</td>\n",
       "      <td>-0.351634</td>\n",
       "      <td>0.356133</td>\n",
       "      <td>0.478289</td>\n",
       "      <td>0.221049</td>\n",
       "      <td>0.326622</td>\n",
       "      <td>0.519767</td>\n",
       "      <td>0.256582</td>\n",
       "      <td>0.317417</td>\n",
       "      <td>0.302186</td>\n",
       "      <td>1.000000</td>\n",
       "    </tr>\n",
       "  </tbody>\n",
       "</table>\n",
       "</div>"
      ],
      "text/plain": [
       "           L100700_x       SEX   S000300   L103000   L103300   L107400  \\\n",
       "L100700_x   1.000000 -0.642697  0.439768  0.366499  0.417777 -0.177950   \n",
       "SEX        -0.642697  1.000000 -0.430053 -0.336707 -0.435181  0.268922   \n",
       "S000300     0.439768 -0.430053  1.000000  0.374832  0.483659 -0.105236   \n",
       "L103000     0.366499 -0.336707  0.374832  1.000000  0.616858 -0.137295   \n",
       "L103300     0.417777 -0.435181  0.483659  0.616858  1.000000 -0.115860   \n",
       "L107400    -0.177950  0.268922 -0.105236 -0.137295 -0.115860  1.000000   \n",
       "L100200     0.283270 -0.231597  0.039262  0.098803  0.089233 -0.055139   \n",
       "L103100    -0.326622  0.418922 -0.407423 -0.427400 -0.744032  0.136568   \n",
       "S000501     0.355716 -0.401737  0.455849  0.280618  0.294427 -0.113303   \n",
       "S000100     0.481119 -0.732388  0.284189  0.221172  0.276138 -0.268463   \n",
       "L103800     0.289727 -0.191710  0.082209  0.129040  0.091512 -0.069457   \n",
       "L101700     0.349946 -0.344841  0.306940  0.403313  0.280620 -0.101649   \n",
       "L100500     0.571409 -0.715738  0.332386  0.243636  0.337080 -0.341616   \n",
       "L190800     0.267683 -0.308507  0.188465  0.192572  0.196834 -0.081899   \n",
       "L101300     0.351353 -0.327326  0.391505  0.299916  0.340579 -0.076807   \n",
       "S000502     0.317020 -0.334904  0.370798  0.268703  0.269604 -0.107344   \n",
       "y           0.858069 -0.634239  0.436926  0.363404  0.410799 -0.216268   \n",
       "\n",
       "            L100200   L103100   S000501   S000100   L103800   L101700  \\\n",
       "L100700_x  0.283270 -0.326622  0.355716  0.481119  0.289727  0.349946   \n",
       "SEX       -0.231597  0.418922 -0.401737 -0.732388 -0.191710 -0.344841   \n",
       "S000300    0.039262 -0.407423  0.455849  0.284189  0.082209  0.306940   \n",
       "L103000    0.098803 -0.427400  0.280618  0.221172  0.129040  0.403313   \n",
       "L103300    0.089233 -0.744032  0.294427  0.276138  0.091512  0.280620   \n",
       "L107400   -0.055139  0.136568 -0.113303 -0.268463 -0.069457 -0.101649   \n",
       "L100200    1.000000  0.070042  0.171801  0.198823  0.503430  0.137862   \n",
       "L103100    0.070042  1.000000 -0.210307 -0.299735  0.073351 -0.149418   \n",
       "S000501    0.171801 -0.210307  1.000000  0.302299  0.146444  0.280471   \n",
       "S000100    0.198823 -0.299735  0.302299  1.000000  0.149265  0.228281   \n",
       "L103800    0.503430  0.073351  0.146444  0.149265  1.000000  0.152769   \n",
       "L101700    0.137862 -0.149418  0.280471  0.228281  0.152769  1.000000   \n",
       "L100500    0.235145 -0.276314  0.302752  0.543135  0.224177  0.238594   \n",
       "L190800    0.118917 -0.194221  0.152945  0.215869  0.112435  0.156291   \n",
       "L101300    0.173901 -0.231503  0.261637  0.233415  0.147109  0.500381   \n",
       "S000502    0.163882 -0.171808  0.764913  0.226758  0.139447  0.269249   \n",
       "y          0.202940 -0.351634  0.356133  0.478289  0.221049  0.326622   \n",
       "\n",
       "            L100500   L190800   L101300   S000502         y  \n",
       "L100700_x  0.571409  0.267683  0.351353  0.317020  0.858069  \n",
       "SEX       -0.715738 -0.308507 -0.327326 -0.334904 -0.634239  \n",
       "S000300    0.332386  0.188465  0.391505  0.370798  0.436926  \n",
       "L103000    0.243636  0.192572  0.299916  0.268703  0.363404  \n",
       "L103300    0.337080  0.196834  0.340579  0.269604  0.410799  \n",
       "L107400   -0.341616 -0.081899 -0.076807 -0.107344 -0.216268  \n",
       "L100200    0.235145  0.118917  0.173901  0.163882  0.202940  \n",
       "L103100   -0.276314 -0.194221 -0.231503 -0.171808 -0.351634  \n",
       "S000501    0.302752  0.152945  0.261637  0.764913  0.356133  \n",
       "S000100    0.543135  0.215869  0.233415  0.226758  0.478289  \n",
       "L103800    0.224177  0.112435  0.147109  0.139447  0.221049  \n",
       "L101700    0.238594  0.156291  0.500381  0.269249  0.326622  \n",
       "L100500    1.000000  0.225908  0.242346  0.259956  0.519767  \n",
       "L190800    0.225908  1.000000  0.161179  0.152414  0.256582  \n",
       "L101300    0.242346  0.161179  1.000000  0.234568  0.317417  \n",
       "S000502    0.259956  0.152414  0.234568  1.000000  0.302186  \n",
       "y          0.519767  0.256582  0.317417  0.302186  1.000000  "
      ]
     },
     "execution_count": 6,
     "metadata": {},
     "output_type": "execute_result"
    }
   ],
   "source": [
    "temppd=pd.DataFrame(data.copy()[['L100700_x', 'SEX', 'S000300', 'L103000', 'L103300', 'L107400',\n",
    "       'L100200', 'L103100', 'S000501', 'S000100', 'L103800', 'L101700',\n",
    "       'L100500', 'L190800', 'L101300', 'S000502'\n",
    "                                ]]).dropna() \n",
    "temppd['y']=data.L100700_y\n",
    "temppd.corr().head(20)\n",
    "# corval=abs(temppd.corr()).sort_values(by='y', ascending=False)\n",
    "\n",
    "# corr = (temppd.corr())\n",
    "# sns.heatmap(corr, vmin=-1, vmax=1)\n",
    "\n",
    "# # mask = np.zeros_like(corr)\n",
    "# # mask[np.triu_indices_from(mask)] = True\n",
    "# # with sns.axes_style(\"white\"):\n",
    "# #     ax = sns.heatmap(corr, mask=mask, vmax=.3, square=True)\n",
    "\n",
    "# corr.head(20)"
   ]
  },
  {
   "cell_type": "code",
   "execution_count": 7,
   "metadata": {},
   "outputs": [],
   "source": [
    "y=data[['L100700_y']]\n",
    "\n",
    "x=data[['L100700_x', 'SEX', 'S000300', 'L103000', 'L103300', 'L107400',\n",
    "       'L100200', 'L103100', 'S000501', 'S000100', 'L103800', 'L101700',\n",
    "       'L100500', 'L190800', 'L101300', 'S000502']] "
   ]
  },
  {
   "cell_type": "markdown",
   "metadata": {},
   "source": [
    "Apply PCA\n",
    "==========="
   ]
  },
  {
   "cell_type": "code",
   "execution_count": 8,
   "metadata": {},
   "outputs": [],
   "source": [
    "# from sklearn.decomposition import PCA\n",
    "# pca = PCA(n_components=8)\n",
    "# pca.fit(x)\n",
    "\n",
    "# print(pca.explained_variance_ratio_)   \n",
    "# print(np.sum(pca.explained_variance_ratio_))\n",
    "\n",
    "# x=pca.fit_transform(x) \n",
    "# print(x.shape)\n"
   ]
  },
  {
   "cell_type": "markdown",
   "metadata": {},
   "source": [
    "feature scaling\n",
    "======="
   ]
  },
  {
   "cell_type": "code",
   "execution_count": 9,
   "metadata": {},
   "outputs": [],
   "source": [
    "# from sklearn import preprocessing\n",
    "# min_max_scaler = preprocessing.MinMaxScaler()  #StandardScaler()\n",
    "# x = min_max_scaler.fit_transform(x)"
   ]
  },
  {
   "cell_type": "markdown",
   "metadata": {},
   "source": [
    "clustring test\n",
    "=========="
   ]
  },
  {
   "cell_type": "code",
   "execution_count": 10,
   "metadata": {},
   "outputs": [],
   "source": [
    "# from sklearn.cluster import KMeans\n",
    "# from scipy.spatial.distance import cdist\n",
    "\n",
    "# K = range(1,10)\n",
    "# distortions = []\n",
    "\n",
    "# for k in K:\n",
    "#     kmeanModel = KMeans(n_clusters=k).fit(x)\n",
    "#     kmeanModel.fit(x)\n",
    "#     distortions.append(sum(np.min(cdist(x, kmeanModel.cluster_centers_, 'euclidean'), axis=1)) / x.shape[0])\n",
    "\n",
    "# # Plot the elbow\n",
    "# plt.plot(K, distortions, 'bx-')\n",
    "# plt.xlabel('k')\n",
    "# plt.ylabel('Distortion')\n",
    "# plt.title('The Elbow Method showing the optimal k')\n",
    "# plt.show()\n"
   ]
  },
  {
   "cell_type": "code",
   "execution_count": 11,
   "metadata": {},
   "outputs": [],
   "source": [
    "# kmeanModel = KMeans(n_clusters=k).fit(x)\n",
    "# x['lbl']=kmeanModel.labels_ "
   ]
  },
  {
   "cell_type": "markdown",
   "metadata": {},
   "source": [
    "Random Forest Regressor\n",
    "============="
   ]
  },
  {
   "cell_type": "code",
   "execution_count": 12,
   "metadata": {},
   "outputs": [],
   "source": [
    "xtrain,xtest,ytrain,ytest=train_test_split(x, y, random_state=42, test_size=0.2)"
   ]
  },
  {
   "cell_type": "code",
   "execution_count": 13,
   "metadata": {},
   "outputs": [
    {
     "name": "stdout",
     "output_type": "stream",
     "text": [
      "[9.55796295e-01 2.24597464e-02 1.93610847e-03 8.39838553e-03\n",
      " 4.35486485e-04 2.77980286e-03 1.54340861e-03 1.22985032e-03\n",
      " 5.05062550e-04 6.82178267e-04 7.98982287e-04 6.70284074e-04\n",
      " 1.07938743e-03 8.13379197e-04 5.29738371e-04 3.41904557e-04]\n"
     ]
    }
   ],
   "source": [
    "regr = RandomForestRegressor(max_depth=7, random_state=0,verbose =0,n_estimators=50)\n",
    "regr.fit(xtrain, ytrain) \n",
    "print(regr.feature_importances_)\n",
    "ypred=regr.predict(xtest)\n"
   ]
  },
  {
   "cell_type": "code",
   "execution_count": 14,
   "metadata": {},
   "outputs": [
    {
     "name": "stdout",
     "output_type": "stream",
     "text": [
      "mean_squared_error 0.48885850211101106\n",
      "root mean_squared_error 0.699184168950507\n",
      "mean_absolute_error 0.5371199561609084\n",
      "r2_score 0.751815332709877\n"
     ]
    },
    {
     "data": {
