{
 "cells": [
  {
   "cell_type": "code",
   "execution_count": 1,
   "metadata": {},
   "outputs": [],
   "source": [
    "from matplotlib import pyplot as plt\n",
    "import pandas as pd \n",
    "import numpy as np\n",
    "import warnings\n",
    "warnings.filterwarnings('ignore')\n",
    "from sklearn.ensemble import RandomForestRegressor\n",
    "from sklearn import metrics as m\n",
    "from sklearn.model_selection import train_test_split\n",
    "import xgboost as xgb\n",
    "import seaborn as sns\n"
   ]
  },
  {
   "cell_type": "markdown",
   "metadata": {},
   "source": [
    "Read the data\n",
    "==========="
   ]
  },
  {
   "cell_type": "code",
   "execution_count": 3,
   "metadata": {},
   "outputs": [],
   "source": [
    "x_original=pd.read_csv('../_xlable4_withNa_AllColumns_OnDrugForLipid.txt')\n",
    "y_original=pd.read_csv('../_targelable4_withNa_AllColumns_OnDrugForLipid.txt')\n",
    "\n",
    "\n",
    "x_original['max']=np.min(x_original[['FIELD_6','FIELD_7']],axis=1)\n",
    "x_original=x_original.drop(columns=['FIELD_6','FIELD_7'])\n",
    "x_original=x_original.query('FIELD_16 != 1 and FIELD_23 != 1')\n",
    "\n",
    "y_original['max']=np.min(y_original[['FIELD_6','FIELD_7']],axis=1)\n",
    "y_original=y_original.drop(columns=['FIELD_6','FIELD_7'])\n",
    "y_original=y_original.query('FIELD_16 != 1 and FIELD_23 != 1')\n",
    "\n"
   ]
  },
  {
   "cell_type": "code",
   "execution_count": 5,
   "metadata": {},
   "outputs": [
    {
     "name": "stdout",
     "output_type": "stream",
     "text": [
      "(1432, 407)\n",
      "(1432, 407)\n"
     ]
    }
   ],
   "source": [
    "\n",
    "x=x_original[['Unnamed: 0','L103000', 'FIELD_38', 'L101700', 'L104400', 'FIELD_35', 'L100700', 'S001200', \n",
    "              'L104300', 'S000300', 'S000502', 'L100800', 'L191100', 'S000200', 'L103300', 'L190000', 'FIELD_32']]\n",
    "\n",
    "y=y_original[['Unnamed: 0','L103000']]\n",
    "\n",
    "print(x_original.shape)\n",
    "print(y_original.shape)"
   ]
  },
  {
   "cell_type": "markdown",
   "metadata": {},
   "source": [
    "Prepare the data\n",
    "============"
   ]
  },
  {
   "cell_type": "code",
   "execution_count": 7,
   "metadata": {},
   "outputs": [
    {
     "name": "stdout",
     "output_type": "stream",
     "text": [
      "(190, 19)\n"
     ]
    },
    {
     "data": {
      "text/html": [
       "<div>\n",
       "<style scoped>\n",
       "    .dataframe tbody tr th:only-of-type {\n",
       "        vertical-align: middle;\n",
       "    }\n",
       "\n",
       "    .dataframe tbody tr th {\n",
       "        vertical-align: top;\n",
       "    }\n",
       "\n",
       "    .dataframe thead th {\n",
       "        text-align: right;\n",
       "    }\n",
       "</style>\n",
       "<table border=\"1\" class=\"dataframe\">\n",
       "  <thead>\n",
       "    <tr style=\"text-align: right;\">\n",
       "      <th></th>\n",
       "      <th>index</th>\n",
       "      <th>Unnamed: 0</th>\n",
       "      <th>L103000_x</th>\n",
       "      <th>FIELD_38</th>\n",
       "      <th>L101700</th>\n",
       "      <th>L104400</th>\n",
       "      <th>FIELD_35</th>\n",
       "      <th>L100700</th>\n",
       "      <th>S001200</th>\n",
       "      <th>L104300</th>\n",
       "      <th>S000300</th>\n",
       "      <th>S000502</th>\n",
       "      <th>L100800</th>\n",
       "      <th>L191100</th>\n",
       "      <th>S000200</th>\n",
       "      <th>L103300</th>\n",
       "      <th>L190000</th>\n",
       "      <th>FIELD_32</th>\n",
       "      <th>L103000_y</th>\n",
       "    </tr>\n",
       "  </thead>\n",
       "  <tbody>\n",
       "    <tr>\n",
       "      <th>0</th>\n",
       "      <td>20</td>\n",
       "      <td>20</td>\n",
       "      <td>84.0</td>\n",
       "      <td>3.0</td>\n",
       "      <td>17.0</td>\n",
       "      <td>257.0</td>\n",
       "      <td>15.0</td>\n",
       "      <td>5.0</td>\n",
       "      <td>71.0</td>\n",
       "      <td>127.0</td>\n",
       "      <td>20.7</td>\n",
       "      <td>62.0</td>\n",
       "      <td>95.0</td>\n",
       "      <td>0.14</td>\n",
       "      <td>65.0</td>\n",
       "      <td>4.2</td>\n",
       "      <td>4.30</td>\n",
       "      <td>2.0</td>\n",
       "      <td>62.0</td>\n",
       "    </tr>\n",
       "    <tr>\n",
       "      <th>1</th>\n",
       "      <td>22</td>\n",
       "      <td>22</td>\n",
       "      <td>169.0</td>\n",
       "      <td>1.0</td>\n",
       "      <td>38.0</td>\n",
       "      <td>323.0</td>\n",
       "      <td>10.0</td>\n",
       "      <td>7.4</td>\n",
       "      <td>97.0</td>\n",
       "      <td>106.0</td>\n",
       "      <td>31.8</td>\n",
       "      <td>76.0</td>\n",
       "      <td>100.0</td>\n",
       "      <td>0.22</td>\n",
       "      <td>103.0</td>\n",
       "      <td>3.5</td>\n",
       "      <td>6.22</td>\n",
       "      <td>2.0</td>\n",
       "      <td>128.0</td>\n",
       "    </tr>\n",
       "    <tr>\n",
       "      <th>2</th>\n",
       "      <td>30</td>\n",
       "      <td>30</td>\n",
       "      <td>99.0</td>\n",
       "      <td>3.0</td>\n",
       "      <td>34.0</td>\n",
       "      <td>278.0</td>\n",
       "      <td>20.0</td>\n",
       "      <td>6.4</td>\n",
       "      <td>84.0</td>\n",
       "      <td>61.0</td>\n",
       "      <td>23.1</td>\n",
       "      <td>79.0</td>\n",
       "      <td>105.0</td>\n",
       "      <td>0.19</td>\n",
       "      <td>69.0</td>\n",
       "      <td>5.1</td>\n",
       "      <td>5.01</td>\n",
       "      <td>3.0</td>\n",
       "      <td>143.0</td>\n",
       "    </tr>\n",
       "    <tr>\n",
       "      <th>3</th>\n",
       "      <td>40</td>\n",
       "      <td>40</td>\n",
       "      <td>273.0</td>\n",
       "      <td>3.0</td>\n",
       "      <td>72.0</td>\n",
       "      <td>333.0</td>\n",
       "      <td>10.0</td>\n",
       "      <td>5.0</td>\n",
       "      <td>84.0</td>\n",
       "      <td>212.0</td>\n",
       "      <td>23.9</td>\n",
       "      <td>90.0</td>\n",
       "      <td>128.0</td>\n",
       "      <td>0.15</td>\n",
       "      <td>69.0</td>\n",
       "      <td>3.7</td>\n",
       "      <td>5.00</td>\n",
       "      <td>3.0</td>\n",
       "      <td>101.0</td>\n",
       "    </tr>\n",
       "    <tr>\n",
       "      <th>4</th>\n",
       "      <td>45</td>\n",
       "      <td>45</td>\n",
       "      <td>195.0</td>\n",
       "      <td>1.0</td>\n",
       "      <td>70.0</td>\n",
       "      <td>300.0</td>\n",
       "      <td>12.0</td>\n",
       "      <td>6.8</td>\n",
       "      <td>97.0</td>\n",
       "      <td>167.0</td>\n",
       "      <td>30.0</td>\n",
       "      <td>78.0</td>\n",
       "      <td>99.0</td>\n",
       "      <td>0.24</td>\n",
       "      <td>95.0</td>\n",
       "      <td>3.7</td>\n",
       "      <td>6.79</td>\n",
       "      <td>3.0</td>\n",
       "      <td>186.0</td>\n",
       "    </tr>\n",
       "  </tbody>\n",
       "</table>\n",
       "</div>"
      ],
      "text/plain": [
       "   index  Unnamed: 0  L103000_x  FIELD_38  L101700  L104400  FIELD_35  \\\n",
       "0     20          20       84.0       3.0     17.0    257.0      15.0   \n",
       "1     22          22      169.0       1.0     38.0    323.0      10.0   \n",
       "2     30          30       99.0       3.0     34.0    278.0      20.0   \n",
       "3     40          40      273.0       3.0     72.0    333.0      10.0   \n",
       "4     45          45      195.0       1.0     70.0    300.0      12.0   \n",
       "\n",
       "   L100700  S001200  L104300  S000300  S000502  L100800  L191100  S000200  \\\n",
       "0      5.0     71.0    127.0     20.7     62.0     95.0     0.14     65.0   \n",
       "1      7.4     97.0    106.0     31.8     76.0    100.0     0.22    103.0   \n",
       "2      6.4     84.0     61.0     23.1     79.0    105.0     0.19     69.0   \n",
       "3      5.0     84.0    212.0     23.9     90.0    128.0     0.15     69.0   \n",
       "4      6.8     97.0    167.0     30.0     78.0     99.0     0.24     95.0   \n",
       "\n",
       "   L103300  L190000  FIELD_32  L103000_y  \n",
       "0      4.2     4.30       2.0       62.0  \n",
       "1      3.5     6.22       2.0      128.0  \n",
       "2      5.1     5.01       3.0      143.0  \n",
       "3      3.7     5.00       3.0      101.0  \n",
       "4      3.7     6.79       3.0      186.0  "
      ]
     },
     "execution_count": 7,
     "metadata": {},
     "output_type": "execute_result"
    }
   ],
   "source": [
    "data= pd.merge(x,y, how='inner',left_on='Unnamed: 0', right_on='Unnamed: 0')\n",
    "# data=data.query('FIELD_15 !=1 and FIELD_17 !=1 and FIELD_22 != 1 and FIELD_24 != 1 and FIELD_16 != 1 and FIELD_23 != 1')\n",
    "\n",
    "# data=data[data.SEX==0]\n",
    "# data=data[data.AGE>=40]\n",
    "data=data.dropna(). reset_index()\n",
    "\n",
    "# data=data[data.FIELD_15!=1]\n",
    "# data=data[data.FIELD_17!=1]\n",
    "# data=data[data.FIELD_22!=1]\n",
    "# data=data[data.FIELD_24!=1]\n",
    "\n",
    "# data['max']=np.min(data[['FIELD_6','FIELD_7']],axis=1)\n",
    "# data=data.drop(columns=['FIELD_6','FIELD_7'])\n",
    "# data=data.query('FIELD_16 != 1 and FIELD_23 != 1')\n",
    "\n",
    "\n",
    "print(data.shape)\n",
    "data.head()"
   ]
  },
  {
   "cell_type": "markdown",
   "metadata": {},
   "source": [
    "Check the correlation of the selected feature with the independent variables\n",
    "====="
   ]
  },
  {
   "cell_type": "code",
   "execution_count": 8,
   "metadata": {},
   "outputs": [
    {
     "data": {
      "text/html": [
       "<div>\n",
       "<style scoped>\n",
       "    .dataframe tbody tr th:only-of-type {\n",
       "        vertical-align: middle;\n",
       "    }\n",
       "\n",
       "    .dataframe tbody tr th {\n",
       "        vertical-align: top;\n",
       "    }\n",
       "\n",
       "    .dataframe thead th {\n",
       "        text-align: right;\n",
       "    }\n",
       "</style>\n",
       "<table border=\"1\" class=\"dataframe\">\n",
       "  <thead>\n",
       "    <tr style=\"text-align: right;\">\n",
       "      <th></th>\n",
       "      <th>L103000_x</th>\n",
       "      <th>FIELD_38</th>\n",
       "      <th>L101700</th>\n",
       "      <th>L104400</th>\n",
       "      <th>FIELD_35</th>\n",
       "      <th>L100700</th>\n",
       "      <th>S001200</th>\n",
       "      <th>L104300</th>\n",
       "      <th>S000300</th>\n",
       "      <th>S000502</th>\n",
       "      <th>L100800</th>\n",
       "      <th>L191100</th>\n",
       "      <th>S000200</th>\n",
       "      <th>L103300</th>\n",
       "      <th>L190000</th>\n",
       "      <th>FIELD_32</th>\n",
       "      <th>y</th>\n",
       "    </tr>\n",
       "  </thead>\n",
       "  <tbody>\n",
       "    <tr>\n",
       "      <th>L103000_x</th>\n",
       "      <td>1.000000</td>\n",
       "      <td>0.197359</td>\n",
       "      <td>0.286125</td>\n",
       "      <td>0.344542</td>\n",
       "      <td>0.346006</td>\n",
       "      <td>0.228287</td>\n",
       "      <td>0.192296</td>\n",
       "      <td>0.179614</td>\n",
       "      <td>0.210242</td>\n",
       "      <td>0.159144</td>\n",
       "      <td>0.369777</td>\n",
       "      <td>0.258535</td>\n",
       "      <td>0.174322</td>\n",
       "      <td>0.347258</td>\n",
       "      <td>0.238420</td>\n",
       "      <td>0.072582</td>\n",
       "      <td>0.571644</td>\n",
       "    </tr>\n",
       "    <tr>\n",
       "      <th>FIELD_38</th>\n",
       "      <td>0.197359</td>\n",
       "      <td>1.000000</td>\n",
       "      <td>0.130611</td>\n",
       "      <td>0.119796</td>\n",
       "      <td>0.248839</td>\n",
       "      <td>-0.082430</td>\n",
       "      <td>0.066382</td>\n",
       "      <td>0.130297</td>\n",
       "      <td>0.000186</td>\n",
       "      <td>0.147151</td>\n",
       "      <td>0.182287</td>\n",
       "      <td>0.141268</td>\n",
       "      <td>0.028158</td>\n",
       "      <td>0.013906</td>\n",
       "      <td>-0.054329</td>\n",
       "      <td>0.149702</td>\n",
       "      <td>0.292254</td>\n",
       "    </tr>\n",
       "    <tr>\n",
       "      <th>L101700</th>\n",
       "      <td>0.286125</td>\n",
       "      <td>0.130611</td>\n",
       "      <td>1.000000</td>\n",
       "      <td>0.186574</td>\n",
       "      <td>0.089729</td>\n",
       "      <td>0.012965</td>\n",
       "      <td>0.107134</td>\n",
       "      <td>0.084295</td>\n",
       "      <td>0.123105</td>\n",
       "      <td>0.262931</td>\n",
       "      <td>0.102729</td>\n",
       "      <td>0.109080</td>\n",
       "      <td>0.131293</td>\n",
       "      <td>-0.016849</td>\n",
       "      <td>0.095559</td>\n",
       "      <td>-0.010327</td>\n",
       "      <td>0.230736</td>\n",
       "    </tr>\n",
       "    <tr>\n",
       "      <th>L104400</th>\n",
       "      <td>0.344542</td>\n",
       "      <td>0.119796</td>\n",
       "      <td>0.186574</td>\n",
       "      <td>1.000000</td>\n",
       "      <td>0.051074</td>\n",
       "      <td>0.124889</td>\n",
       "      <td>0.136357</td>\n",
       "      <td>0.172582</td>\n",
       "      <td>0.127072</td>\n",
       "      <td>0.190400</td>\n",
       "      <td>0.083215</td>\n",
       "      <td>0.387379</td>\n",
       "      <td>0.094906</td>\n",
       "      <td>0.242242</td>\n",
       "      <td>0.074937</td>\n",
       "      <td>-0.015865</td>\n",
       "      <td>0.386587</td>\n",
       "    </tr>\n",
       "    <tr>\n",
       "      <th>FIELD_35</th>\n",
       "      <td>0.346006</td>\n",
       "      <td>0.248839</td>\n",
       "      <td>0.089729</td>\n",
       "      <td>0.051074</td>\n",
       "      <td>1.000000</td>\n",
       "      <td>0.156944</td>\n",
       "      <td>0.031401</td>\n",
       "      <td>0.026953</td>\n",
       "      <td>0.037837</td>\n",
       "      <td>0.081938</td>\n",
       "      <td>0.085378</td>\n",
       "      <td>0.210279</td>\n",
       "      <td>0.074131</td>\n",
       "      <td>0.202044</td>\n",
       "      <td>0.039093</td>\n",
       "      <td>-0.103426</td>\n",
       "      <td>0.281026</td>\n",
       "    </tr>\n",
       "    <tr>\n",
       "      <th>L100700</th>\n",
       "      <td>0.228287</td>\n",
       "      <td>-0.082430</td>\n",
       "      <td>0.012965</td>\n",
       "      <td>0.124889</td>\n",
       "      <td>0.156944</td>\n",
       "      <td>1.000000</td>\n",
       "      <td>0.069805</td>\n",
       "      <td>-0.139415</td>\n",
       "      <td>0.037589</td>\n",
       "      <td>-0.053776</td>\n",
       "      <td>0.026390</td>\n",
       "      <td>0.127802</td>\n",
       "      <td>0.083074</td>\n",
       "      <td>0.026305</td>\n",
       "      <td>0.080589</td>\n",
       "      <td>-0.056053</td>\n",
       "      <td>0.083324</td>\n",
       "    </tr>\n",
       "    <tr>\n",
       "      <th>S001200</th>\n",
       "      <td>0.192296</td>\n",
       "      <td>0.066382</td>\n",
       "      <td>0.107134</td>\n",
       "      <td>0.136357</td>\n",
       "      <td>0.031401</td>\n",
       "      <td>0.069805</td>\n",
       "      <td>1.000000</td>\n",
       "      <td>-0.077883</td>\n",
       "      <td>0.850105</td>\n",
       "      <td>0.347466</td>\n",
       "      <td>0.255069</td>\n",
       "      <td>0.093636</td>\n",
       "      <td>0.855997</td>\n",
       "      <td>0.114187</td>\n",
       "      <td>0.221577</td>\n",
       "      <td>0.030039</td>\n",
       "      <td>0.284372</td>\n",
       "    </tr>\n",
       "    <tr>\n",
       "      <th>L104300</th>\n",
       "      <td>0.179614</td>\n",
       "      <td>0.130297</td>\n",
       "      <td>0.084295</td>\n",
       "      <td>0.172582</td>\n",
       "      <td>0.026953</td>\n",
       "      <td>-0.139415</td>\n",
       "      <td>-0.077883</td>\n",
       "      <td>1.000000</td>\n",
       "      <td>-0.026920</td>\n",
       "      <td>-0.018913</td>\n",
       "      <td>0.035253</td>\n",
       "      <td>0.132428</td>\n",
       "      <td>-0.096473</td>\n",
       "      <td>0.031856</td>\n",
       "      <td>-0.052805</td>\n",
       "      <td>0.043473</td>\n",
       "      <td>0.118638</td>\n",
       "    </tr>\n",
       "    <tr>\n",
       "      <th>S000300</th>\n",
       "      <td>0.210242</td>\n",
       "      <td>0.000186</td>\n",
       "      <td>0.123105</td>\n",
       "      <td>0.127072</td>\n",
       "      <td>0.037837</td>\n",
       "      <td>0.037589</td>\n",
       "      <td>0.850105</td>\n",
       "      <td>-0.026920</td>\n",
       "      <td>1.000000</td>\n",
       "      <td>0.299357</td>\n",
       "      <td>0.316734</td>\n",
       "      <td>0.049321</td>\n",
       "      <td>0.862843</td>\n",
       "      <td>0.074776</td>\n",
       "      <td>0.180165</td>\n",
       "      <td>0.076743</td>\n",
       "      <td>0.224112</td>\n",
       "    </tr>\n",
       "    <tr>\n",
       "      <th>S000502</th>\n",
       "      <td>0.159144</td>\n",
       "      <td>0.147151</td>\n",
       "      <td>0.262931</td>\n",
       "      <td>0.190400</td>\n",
       "      <td>0.081938</td>\n",
       "      <td>-0.053776</td>\n",
       "      <td>0.347466</td>\n",
       "      <td>-0.018913</td>\n",
       "      <td>0.299357</td>\n",
       "      <td>1.000000</td>\n",
       "      <td>0.144998</td>\n",
       "      <td>0.090386</td>\n",
       "      <td>0.347840</td>\n",
       "      <td>-0.027137</td>\n",
       "      <td>0.071087</td>\n",
       "      <td>0.061388</td>\n",
       "      <td>0.323727</td>\n",
       "    </tr>\n",
       "    <tr>\n",
       "      <th>L100800</th>\n",
       "      <td>0.369777</td>\n",
       "      <td>0.182287</td>\n",
       "      <td>0.102729</td>\n",
       "      <td>0.083215</td>\n",
       "      <td>0.085378</td>\n",
       "      <td>0.026390</td>\n",
       "      <td>0.255069</td>\n",
       "      <td>0.035253</td>\n",
       "      <td>0.316734</td>\n",
       "      <td>0.144998</td>\n",
       "      <td>1.000000</td>\n",
       "      <td>0.042587</td>\n",
       "      <td>0.288857</td>\n",
       "      <td>0.049626</td>\n",
       "      <td>0.053138</td>\n",
       "      <td>0.121289</td>\n",
       "      <td>0.183871</td>\n",
       "    </tr>\n",
       "    <tr>\n",
       "      <th>L191100</th>\n",
       "      <td>0.258535</td>\n",
       "      <td>0.141268</td>\n",
       "      <td>0.109080</td>\n",
       "      <td>0.387379</td>\n",
       "      <td>0.210279</td>\n",
       "      <td>0.127802</td>\n",
       "      <td>0.093636</td>\n",
       "      <td>0.132428</td>\n",
       "      <td>0.049321</td>\n",
       "      <td>0.090386</td>\n",
       "      <td>0.042587</td>\n",
       "      <td>1.000000</td>\n",
       "      <td>0.079384</td>\n",
       "      <td>0.267038</td>\n",
       "      <td>0.287480</td>\n",
       "      <td>-0.037575</td>\n",
       "      <td>0.179927</td>\n",
       "    </tr>\n",
       "    <tr>\n",
       "      <th>S000200</th>\n",
       "      <td>0.174322</td>\n",
       "      <td>0.028158</td>\n",
       "      <td>0.131293</td>\n",
       "      <td>0.094906</td>\n",
       "      <td>0.074131</td>\n",
       "      <td>0.083074</td>\n",
       "      <td>0.855997</td>\n",
       "      <td>-0.096473</td>\n",
       "      <td>0.862843</td>\n",
       "      <td>0.347840</td>\n",
       "      <td>0.288857</td>\n",
       "      <td>0.079384</td>\n",
       "      <td>1.000000</td>\n",
       "      <td>0.099806</td>\n",
       "      <td>0.187745</td>\n",
       "      <td>0.074741</td>\n",
       "      <td>0.203972</td>\n",
       "    </tr>\n",
       "    <tr>\n",
       "      <th>L103300</th>\n",
       "      <td>0.347258</td>\n",
       "      <td>0.013906</td>\n",
       "      <td>-0.016849</td>\n",
       "      <td>0.242242</td>\n",
       "      <td>0.202044</td>\n",
       "      <td>0.026305</td>\n",
       "      <td>0.114187</td>\n",
       "      <td>0.031856</td>\n",
       "      <td>0.074776</td>\n",
       "      <td>-0.027137</td>\n",
       "      <td>0.049626</td>\n",
       "      <td>0.267038</td>\n",
       "      <td>0.099806</td>\n",
       "      <td>1.000000</td>\n",
       "      <td>0.097474</td>\n",
       "      <td>-0.029363</td>\n",
       "      <td>0.172929</td>\n",
       "    </tr>\n",
       "    <tr>\n",
       "      <th>L190000</th>\n",
       "      <td>0.238420</td>\n",
       "      <td>-0.054329</td>\n",
       "      <td>0.095559</td>\n",
       "      <td>0.074937</td>\n",
       "      <td>0.039093</td>\n",
       "      <td>0.080589</td>\n",
       "      <td>0.221577</td>\n",
       "      <td>-0.052805</td>\n",
       "      <td>0.180165</td>\n",
       "      <td>0.071087</td>\n",
       "      <td>0.053138</td>\n",
       "      <td>0.287480</td>\n",
       "      <td>0.187745</td>\n",
       "      <td>0.097474</td>\n",
       "      <td>1.000000</td>\n",
       "      <td>0.019854</td>\n",
       "      <td>0.073060</td>\n",
       "    </tr>\n",
       "    <tr>\n",
       "      <th>FIELD_32</th>\n",
       "      <td>0.072582</td>\n",
       "      <td>0.149702</td>\n",
       "      <td>-0.010327</td>\n",
       "      <td>-0.015865</td>\n",
       "      <td>-0.103426</td>\n",
       "      <td>-0.056053</td>\n",
       "      <td>0.030039</td>\n",
       "      <td>0.043473</td>\n",
       "      <td>0.076743</td>\n",
       "      <td>0.061388</td>\n",
       "      <td>0.121289</td>\n",
       "      <td>-0.037575</td>\n",
       "      <td>0.074741</td>\n",
       "      <td>-0.029363</td>\n",
       "      <td>0.019854</td>\n",
       "      <td>1.000000</td>\n",
       "      <td>0.150763</td>\n",
       "    </tr>\n",
       "    <tr>\n",
       "      <th>y</th>\n",
       "      <td>0.571644</td>\n",
       "      <td>0.292254</td>\n",
       "      <td>0.230736</td>\n",
       "      <td>0.386587</td>\n",
       "      <td>0.281026</td>\n",
       "      <td>0.083324</td>\n",
       "      <td>0.284372</td>\n",
       "      <td>0.118638</td>\n",
       "      <td>0.224112</td>\n",
       "      <td>0.323727</td>\n",
       "      <td>0.183871</td>\n",
       "      <td>0.179927</td>\n",
       "      <td>0.203972</td>\n",
       "      <td>0.172929</td>\n",
       "      <td>0.073060</td>\n",
       "      <td>0.150763</td>\n",
       "      <td>1.000000</td>\n",
       "    </tr>\n",
       "  </tbody>\n",
       "</table>\n",
       "</div>"
      ],
      "text/plain": [
       "           L103000_x  FIELD_38   L101700   L104400  FIELD_35   L100700  \\\n",
       "L103000_x   1.000000  0.197359  0.286125  0.344542  0.346006  0.228287   \n",
       "FIELD_38    0.197359  1.000000  0.130611  0.119796  0.248839 -0.082430   \n",
       "L101700     0.286125  0.130611  1.000000  0.186574  0.089729  0.012965   \n",
       "L104400     0.344542  0.119796  0.186574  1.000000  0.051074  0.124889   \n",
       "FIELD_35    0.346006  0.248839  0.089729  0.051074  1.000000  0.156944   \n",
       "L100700     0.228287 -0.082430  0.012965  0.124889  0.156944  1.000000   \n",
       "S001200     0.192296  0.066382  0.107134  0.136357  0.031401  0.069805   \n",
       "L104300     0.179614  0.130297  0.084295  0.172582  0.026953 -0.139415   \n",
       "S000300     0.210242  0.000186  0.123105  0.127072  0.037837  0.037589   \n",
       "S000502     0.159144  0.147151  0.262931  0.190400  0.081938 -0.053776   \n",
       "L100800     0.369777  0.182287  0.102729  0.083215  0.085378  0.026390   \n",
       "L191100     0.258535  0.141268  0.109080  0.387379  0.210279  0.127802   \n",
       "S000200     0.174322  0.028158  0.131293  0.094906  0.074131  0.083074   \n",
       "L103300     0.347258  0.013906 -0.016849  0.242242  0.202044  0.026305   \n",
       "L190000     0.238420 -0.054329  0.095559  0.074937  0.039093  0.080589   \n",
       "FIELD_32    0.072582  0.149702 -0.010327 -0.015865 -0.103426 -0.056053   \n",
       "y           0.571644  0.292254  0.230736  0.386587  0.281026  0.083324   \n",
       "\n",
       "            S001200   L104300   S000300   S000502   L100800   L191100  \\\n",
       "L103000_x  0.192296  0.179614  0.210242  0.159144  0.369777  0.258535   \n",
       "FIELD_38   0.066382  0.130297  0.000186  0.147151  0.182287  0.141268   \n",
       "L101700    0.107134  0.084295  0.123105  0.262931  0.102729  0.109080   \n",
       "L104400    0.136357  0.172582  0.127072  0.190400  0.083215  0.387379   \n",
       "FIELD_35   0.031401  0.026953  0.037837  0.081938  0.085378  0.210279   \n",
       "L100700    0.069805 -0.139415  0.037589 -0.053776  0.026390  0.127802   \n",
       "S001200    1.000000 -0.077883  0.850105  0.347466  0.255069  0.093636   \n",
       "L104300   -0.077883  1.000000 -0.026920 -0.018913  0.035253  0.132428   \n",
       "S000300    0.850105 -0.026920  1.000000  0.299357  0.316734  0.049321   \n",
       "S000502    0.347466 -0.018913  0.299357  1.000000  0.144998  0.090386   \n",
       "L100800    0.255069  0.035253  0.316734  0.144998  1.000000  0.042587   \n",
       "L191100    0.093636  0.132428  0.049321  0.090386  0.042587  1.000000   \n",
       "S000200    0.855997 -0.096473  0.862843  0.347840  0.288857  0.079384   \n",
       "L103300    0.114187  0.031856  0.074776 -0.027137  0.049626  0.267038   \n",
       "L190000    0.221577 -0.052805  0.180165  0.071087  0.053138  0.287480   \n",
       "FIELD_32   0.030039  0.043473  0.076743  0.061388  0.121289 -0.037575   \n",
       "y          0.284372  0.118638  0.224112  0.323727  0.183871  0.179927   \n",
       "\n",
       "            S000200   L103300   L190000  FIELD_32         y  \n",
       "L103000_x  0.174322  0.347258  0.238420  0.072582  0.571644  \n",
       "FIELD_38   0.028158  0.013906 -0.054329  0.149702  0.292254  \n",
       "L101700    0.131293 -0.016849  0.095559 -0.010327  0.230736  \n",
       "L104400    0.094906  0.242242  0.074937 -0.015865  0.386587  \n",
       "FIELD_35   0.074131  0.202044  0.039093 -0.103426  0.281026  \n",
       "L100700    0.083074  0.026305  0.080589 -0.056053  0.083324  \n",
       "S001200    0.855997  0.114187  0.221577  0.030039  0.284372  \n",
       "L104300   -0.096473  0.031856 -0.052805  0.043473  0.118638  \n",
       "S000300    0.862843  0.074776  0.180165  0.076743  0.224112  \n",
       "S000502    0.347840 -0.027137  0.071087  0.061388  0.323727  \n",
       "L100800    0.288857  0.049626  0.053138  0.121289  0.183871  \n",
       "L191100    0.079384  0.267038  0.287480 -0.037575  0.179927  \n",
       "S000200    1.000000  0.099806  0.187745  0.074741  0.203972  \n",
       "L103300    0.099806  1.000000  0.097474 -0.029363  0.172929  \n",
       "L190000    0.187745  0.097474  1.000000  0.019854  0.073060  \n",
       "FIELD_32   0.074741 -0.029363  0.019854  1.000000  0.150763  \n",
       "y          0.203972  0.172929  0.073060  0.150763  1.000000  "
      ]
     },
     "execution_count": 8,
     "metadata": {},
     "output_type": "execute_result"
    }
   ],
   "source": [
    "temppd=pd.DataFrame(data.copy()[['L103000_x', 'FIELD_38', 'L101700', 'L104400', 'FIELD_35', 'L100700', 'S001200', \n",
    "              'L104300', 'S000300', 'S000502', 'L100800', 'L191100', 'S000200', 'L103300', 'L190000', 'FIELD_32'\n",
    "                                ]]).dropna() \n",
    "temppd['y']=data.L103000_y\n",
    "temppd.corr().head(20)\n",
    "# corval=abs(temppd.corr()).sort_values(by='y', ascending=False)\n",
    "\n",
    "# corr = (temppd.corr())\n",
    "# sns.heatmap(corr, vmin=-1, vmax=1)\n",
    "\n",
    "# # mask = np.zeros_like(corr)\n",
    "# # mask[np.triu_indices_from(mask)] = True\n",
    "# # with sns.axes_style(\"white\"):\n",
    "# #     ax = sns.heatmap(corr, mask=mask, vmax=.3, square=True)\n",
    "\n",
    "# corr.head(20)"
   ]
  },
  {
   "cell_type": "code",
   "execution_count": 9,
   "metadata": {},
   "outputs": [],
   "source": [
    "y=data[['L103000_y']]\n",
    "\n",
    "x=data[['L103000_x', 'FIELD_38', 'L101700', 'L104400', 'FIELD_35', 'L100700', 'S001200', \n",
    "              'L104300', 'S000300', 'S000502', 'L100800', 'L191100', 'S000200', 'L103300', 'L190000', 'FIELD_32']]\n"
   ]
  },
  {
   "cell_type": "markdown",
   "metadata": {},
   "source": [
    "Apply PCA\n",
    "==========="
   ]
  },
  {
   "cell_type": "code",
   "execution_count": 10,
   "metadata": {},
   "outputs": [],
   "source": [
    "# from sklearn.decomposition import PCA\n",
    "# pca = PCA(n_components=8)\n",
    "# pca.fit(x)\n",
    "\n",
    "# print(pca.explained_variance_ratio_)   \n",
    "# print(np.sum(pca.explained_variance_ratio_))\n",
    "\n",
    "# x=pca.fit_transform(x) \n",
    "# print(x.shape)\n"
   ]
  },
  {
   "cell_type": "markdown",
   "metadata": {},
   "source": [
    "feature scaling\n",
    "======="
   ]
  },
  {
   "cell_type": "code",
   "execution_count": 11,
   "metadata": {},
   "outputs": [],
   "source": [
    "# from sklearn import preprocessing\n",
    "# min_max_scaler = preprocessing.MinMaxScaler()  #StandardScaler()\n",
    "# x = min_max_scaler.fit_transform(x)"
   ]
  },
  {
   "cell_type": "markdown",
   "metadata": {},
   "source": [
    "clustring test\n",
    "=========="
   ]
  },
  {
   "cell_type": "code",
   "execution_count": 12,
   "metadata": {},
   "outputs": [],
   "source": [
    "# from sklearn.cluster import KMeans\n",
    "# from scipy.spatial.distance import cdist\n",
    "\n",
    "# K = range(1,10)\n",
    "# distortions = []\n",
    "\n",
    "# for k in K:\n",
    "#     kmeanModel = KMeans(n_clusters=k).fit(x)\n",
    "#     kmeanModel.fit(x)\n",
    "#     distortions.append(sum(np.min(cdist(x, kmeanModel.cluster_centers_, 'euclidean'), axis=1)) / x.shape[0])\n",
    "\n",
    "# # Plot the elbow\n",
    "# plt.plot(K, distortions, 'bx-')\n",
    "# plt.xlabel('k')\n",
    "# plt.ylabel('Distortion')\n",
    "# plt.title('The Elbow Method showing the optimal k')\n",
    "# plt.show()\n"
   ]
  },
  {
   "cell_type": "code",
   "execution_count": 13,
   "metadata": {},
   "outputs": [],
   "source": [
    "# kmeanModel = KMeans(n_clusters=k).fit(x)\n",
    "# x['lbl']=kmeanModel.labels_ "
   ]
  },
  {
   "cell_type": "markdown",
   "metadata": {},
   "source": [
    "Random Forest Regressor\n",
    "============="
   ]
  },
  {
   "cell_type": "code",
   "execution_count": 14,
   "metadata": {},
   "outputs": [],
   "source": [
    "ylable=y[['L103000_y']]  \n",
    "xtrain,xtest,ytrain,ytest=train_test_split(x, ylable, random_state=42, test_size=0.2)"
   ]
  },
  {
   "cell_type": "code",
   "execution_count": 15,
   "metadata": {},
   "outputs": [
    {
     "name": "stdout",
     "output_type": "stream",
     "text": [
      "[0.33107711 0.02065742 0.13563319 0.16537622 0.01140808 0.03376008\n",
      " 0.03829377 0.02553531 0.01585635 0.0689232  0.03885498 0.01241289\n",
      " 0.02530343 0.04362677 0.02488179 0.00839939]\n"
     ]
    }
   ],
   "source": [
    "regr = RandomForestRegressor(max_depth=7, random_state=0,verbose =0,n_estimators=50)\n",
    "regr.fit(xtrain, ytrain) \n",
    "print(regr.feature_importances_)\n",
    "ypred=regr.predict(xtest)\n"
   ]
  },
  {
   "cell_type": "code",
   "execution_count": 16,
   "metadata": {},
   "outputs": [
    {
     "name": "stdout",
     "output_type": "stream",
     "text": [
      "mean_squared_error 11455.60624609253\n",
      "root mean_squared_error 107.03086585696917\n",
      "mean_absolute_error 74.86515805988127\n",
      "r2_score 0.31885142605595407\n"
     ]
    },
    {
     "data": {
