{
 "cells": [
  {
   "cell_type": "code",
   "execution_count": 1,
   "metadata": {},
   "outputs": [],
   "source": [
    "from matplotlib import pyplot as plt\n",
    "import pandas as pd \n",
    "import numpy as np\n",
    "import warnings\n",
    "warnings.filterwarnings('ignore')\n",
    "from sklearn.ensemble import RandomForestRegressor\n",
    "from sklearn import metrics as m\n",
    "from sklearn.model_selection import train_test_split\n",
    "import xgboost as xgb\n",
    "import seaborn as sns\n"
   ]
  },
  {
   "cell_type": "markdown",
   "metadata": {},
   "source": [
    "Read the data\n",
    "==========="
   ]
  },
  {
   "cell_type": "code",
   "execution_count": 2,
   "metadata": {},
   "outputs": [],
   "source": [
    "x_original=pd.read_csv('../_xlable4_withNa_AllColumns.txt')\n",
    "y_original=pd.read_csv('../_targelable4_withNa_AllColumns.txt')\n",
    "\n",
    "\n",
    "x_original['max']=np.min(x_original[['FIELD_6','FIELD_7']],axis=1)\n",
    "x_original=x_original.drop(columns=['FIELD_6','FIELD_7'])\n",
    "x_original=x_original.query('FIELD_16 != 1 and FIELD_23 != 1')\n",
    "\n",
    "y_original['max']=np.min(y_original[['FIELD_6','FIELD_7']],axis=1)\n",
    "y_original=y_original.drop(columns=['FIELD_6','FIELD_7'])\n",
    "y_original=y_original.query('FIELD_16 != 1 and FIELD_23 != 1')\n",
    "\n"
   ]
  },
  {
   "cell_type": "code",
   "execution_count": 8,
   "metadata": {},
   "outputs": [
    {
     "name": "stdout",
     "output_type": "stream",
     "text": [
      "(159381, 407)\n",
      "(159381, 407)\n"
     ]
    }
   ],
   "source": [
    "\n",
    "x=x_original[['Unnamed: 0','L190400', 'L190500', 'L190700', 'L190300', 'L190800',\n",
    "       'L190900', 'L104500', 'L104300', 'L103100', 'S000300', 'S000100',\n",
    "       'S000501', 'L101300', 'L103000', 'L100700',\n",
    "              \n",
    "             'FIELD_15','FIELD_17','FIELD_22','FIELD_24','FIELD_16','FIELD_23','AGE','SEX']]\n",
    "\n",
    "y=y_original[['Unnamed: 0','L190400']]\n",
    "\n",
    "print(x_original.shape)\n",
    "print(y_original.shape)"
   ]
  },
  {
   "cell_type": "markdown",
   "metadata": {},
   "source": [
    "Prepare the data\n",
    "============"
   ]
  },
  {
   "cell_type": "code",
   "execution_count": 9,
   "metadata": {},
   "outputs": [
    {
     "name": "stdout",
     "output_type": "stream",
     "text": [
      "(76749, 26)\n"
     ]
    },
    {
     "data": {
      "text/html": [
       "<div>\n",
       "<style scoped>\n",
       "    .dataframe tbody tr th:only-of-type {\n",
       "        vertical-align: middle;\n",
       "    }\n",
       "\n",
       "    .dataframe tbody tr th {\n",
       "        vertical-align: top;\n",
       "    }\n",
       "\n",
       "    .dataframe thead th {\n",
       "        text-align: right;\n",
       "    }\n",
       "</style>\n",
       "<table border=\"1\" class=\"dataframe\">\n",
       "  <thead>\n",
       "    <tr style=\"text-align: right;\">\n",
       "      <th></th>\n",
       "      <th>index</th>\n",
       "      <th>Unnamed: 0</th>\n",
       "      <th>L190400_x</th>\n",
       "      <th>L190500</th>\n",
       "      <th>L190700</th>\n",
       "      <th>L190300</th>\n",
       "      <th>L190800</th>\n",
       "      <th>L190900</th>\n",
       "      <th>L104500</th>\n",
       "      <th>L104300</th>\n",
       "      <th>...</th>\n",
       "      <th>L100700</th>\n",
       "      <th>FIELD_15</th>\n",
       "      <th>FIELD_17</th>\n",
       "      <th>FIELD_22</th>\n",
       "      <th>FIELD_24</th>\n",
       "      <th>FIELD_16</th>\n",
       "      <th>FIELD_23</th>\n",
       "      <th>AGE</th>\n",
       "      <th>SEX</th>\n",
       "      <th>L190400_y</th>\n",
       "    </tr>\n",
       "  </thead>\n",
       "  <tbody>\n",
       "    <tr>\n",
       "      <th>0</th>\n",
       "      <td>0</td>\n",
       "      <td>0</td>\n",
       "      <td>12.3</td>\n",
       "      <td>38.2</td>\n",
       "      <td>29.3</td>\n",
       "      <td>4.20</td>\n",
       "      <td>32.2</td>\n",
       "      <td>13.2</td>\n",
       "      <td>70.0</td>\n",
       "      <td>351.0</td>\n",
       "      <td>...</td>\n",
       "      <td>3.0</td>\n",
       "      <td>0.0</td>\n",
       "      <td>0.0</td>\n",
       "      <td>0.0</td>\n",
       "      <td>0.0</td>\n",
       "      <td>0.0</td>\n",
       "      <td>0.0</td>\n",
       "      <td>44.0</td>\n",
       "      <td>1.0</td>\n",
       "      <td>13.1</td>\n",
       "    </tr>\n",
       "    <tr>\n",
       "      <th>1</th>\n",
       "      <td>1</td>\n",
       "      <td>1</td>\n",
       "      <td>13.1</td>\n",
       "      <td>39.0</td>\n",
       "      <td>30.8</td>\n",
       "      <td>4.24</td>\n",
       "      <td>33.6</td>\n",
       "      <td>13.7</td>\n",
       "      <td>221.0</td>\n",
       "      <td>104.0</td>\n",
       "      <td>...</td>\n",
       "      <td>3.0</td>\n",
       "      <td>0.0</td>\n",
       "      <td>0.0</td>\n",
       "      <td>0.0</td>\n",
       "      <td>0.0</td>\n",
       "      <td>0.0</td>\n",
       "      <td>0.0</td>\n",
       "      <td>45.0</td>\n",
       "      <td>1.0</td>\n",
       "      <td>12.9</td>\n",
       "    </tr>\n",
       "    <tr>\n",
       "      <th>2</th>\n",
       "      <td>2</td>\n",
       "      <td>2</td>\n",
       "      <td>12.9</td>\n",
       "      <td>38.4</td>\n",
       "      <td>30.2</td>\n",
       "      <td>4.26</td>\n",
       "      <td>33.5</td>\n",
       "      <td>14.1</td>\n",
       "      <td>286.0</td>\n",
       "      <td>144.0</td>\n",
       "      <td>...</td>\n",
       "      <td>3.8</td>\n",
       "      <td>0.0</td>\n",
       "      <td>0.0</td>\n",
       "      <td>0.0</td>\n",
       "      <td>0.0</td>\n",
       "      <td>0.0</td>\n",
       "      <td>0.0</td>\n",
       "      <td>46.0</td>\n",
       "      <td>1.0</td>\n",
       "      <td>11.2</td>\n",
       "    </tr>\n",
       "    <tr>\n",
       "      <th>3</th>\n",
       "      <td>3</td>\n",
       "      <td>3</td>\n",
       "      <td>13.5</td>\n",
       "      <td>40.3</td>\n",
       "      <td>32.1</td>\n",
       "      <td>4.20</td>\n",
       "      <td>33.5</td>\n",
       "      <td>13.3</td>\n",
       "      <td>138.0</td>\n",
       "      <td>135.0</td>\n",
       "      <td>...</td>\n",
       "      <td>3.7</td>\n",
       "      <td>0.0</td>\n",
       "      <td>0.0</td>\n",
       "      <td>0.0</td>\n",
       "      <td>0.0</td>\n",
       "      <td>0.0</td>\n",
       "      <td>0.0</td>\n",
       "      <td>51.0</td>\n",
       "      <td>1.0</td>\n",
       "      <td>12.6</td>\n",
       "    </tr>\n",
       "    <tr>\n",
       "      <th>4</th>\n",
       "      <td>4</td>\n",
       "      <td>4</td>\n",
       "      <td>12.6</td>\n",
       "      <td>38.6</td>\n",
       "      <td>32.1</td>\n",
       "      <td>3.92</td>\n",
       "      <td>32.6</td>\n",
       "      <td>13.2</td>\n",
       "      <td>130.0</td>\n",
       "      <td>161.0</td>\n",
       "      <td>...</td>\n",
       "      <td>3.4</td>\n",
       "      <td>0.0</td>\n",
       "      <td>0.0</td>\n",
       "      <td>0.0</td>\n",
       "      <td>0.0</td>\n",
       "      <td>0.0</td>\n",
       "      <td>0.0</td>\n",
       "      <td>52.0</td>\n",
       "      <td>1.0</td>\n",
       "      <td>13.5</td>\n",
       "    </tr>\n",
       "  </tbody>\n",
       "</table>\n",
       "<p>5 rows × 26 columns</p>\n",
       "</div>"
      ],
      "text/plain": [
       "   index  Unnamed: 0  L190400_x  L190500  L190700  L190300  L190800  L190900  \\\n",
       "0      0           0       12.3     38.2     29.3     4.20     32.2     13.2   \n",
       "1      1           1       13.1     39.0     30.8     4.24     33.6     13.7   \n",
       "2      2           2       12.9     38.4     30.2     4.26     33.5     14.1   \n",
       "3      3           3       13.5     40.3     32.1     4.20     33.5     13.3   \n",
       "4      4           4       12.6     38.6     32.1     3.92     32.6     13.2   \n",
       "\n",
       "   L104500  L104300  ...  L100700  FIELD_15  FIELD_17  FIELD_22  FIELD_24  \\\n",
       "0     70.0    351.0  ...      3.0       0.0       0.0       0.0       0.0   \n",
       "1    221.0    104.0  ...      3.0       0.0       0.0       0.0       0.0   \n",
       "2    286.0    144.0  ...      3.8       0.0       0.0       0.0       0.0   \n",
       "3    138.0    135.0  ...      3.7       0.0       0.0       0.0       0.0   \n",
       "4    130.0    161.0  ...      3.4       0.0       0.0       0.0       0.0   \n",
       "\n",
       "   FIELD_16  FIELD_23   AGE  SEX  L190400_y  \n",
       "0       0.0       0.0  44.0  1.0       13.1  \n",
       "1       0.0       0.0  45.0  1.0       12.9  \n",
       "2       0.0       0.0  46.0  1.0       11.2  \n",
       "3       0.0       0.0  51.0  1.0       12.6  \n",
       "4       0.0       0.0  52.0  1.0       13.5  \n",
       "\n",
       "[5 rows x 26 columns]"
      ]
     },
     "execution_count": 9,
     "metadata": {},
     "output_type": "execute_result"
    }
   ],
   "source": [
    "data= pd.merge(x,y, how='inner',left_on='Unnamed: 0', right_on='Unnamed: 0')\n",
    "data=data.query('FIELD_15 !=1 and FIELD_17 !=1 and FIELD_22 != 1 and FIELD_24 != 1 and FIELD_16 != 1 and FIELD_23 != 1')\n",
    "\n",
    "# data=data[data.SEX==0]\n",
    "# data=data[data.AGE>=40]\n",
    "data=data.dropna(). reset_index()\n",
    "\n",
    "# data=data[data.FIELD_15!=1]\n",
    "# data=data[data.FIELD_17!=1]\n",
    "# data=data[data.FIELD_22!=1]\n",
    "# data=data[data.FIELD_24!=1]\n",
    "\n",
    "# data['max']=np.min(data[['FIELD_6','FIELD_7']],axis=1)\n",
    "# data=data.drop(columns=['FIELD_6','FIELD_7'])\n",
    "# data=data.query('FIELD_16 != 1 and FIELD_23 != 1')\n",
    "\n",
    "\n",
    "print(data.shape)\n",
    "data.head()"
   ]
  },
  {
   "cell_type": "markdown",
   "metadata": {},
   "source": [
    "Check the correlation of the selected feature with the independent variables\n",
    "====="
   ]
  },
  {
   "cell_type": "code",
   "execution_count": 10,
   "metadata": {},
   "outputs": [
    {
     "data": {
      "text/html": [
       "<div>\n",
       "<style scoped>\n",
       "    .dataframe tbody tr th:only-of-type {\n",
       "        vertical-align: middle;\n",
       "    }\n",
       "\n",
       "    .dataframe tbody tr th {\n",
       "        vertical-align: top;\n",
       "    }\n",
       "\n",
       "    .dataframe thead th {\n",
       "        text-align: right;\n",
       "    }\n",
       "</style>\n",
       "<table border=\"1\" class=\"dataframe\">\n",
       "  <thead>\n",
       "    <tr style=\"text-align: right;\">\n",
       "      <th></th>\n",
       "      <th>SEX</th>\n",
       "      <th>L190400_x</th>\n",
       "      <th>L190500</th>\n",
       "      <th>L190700</th>\n",
       "      <th>L190300</th>\n",
       "      <th>L190800</th>\n",
       "      <th>L190900</th>\n",
       "      <th>L104500</th>\n",
       "      <th>L104300</th>\n",
       "      <th>L103100</th>\n",
       "      <th>S000300</th>\n",
       "      <th>S000100</th>\n",
       "      <th>S000501</th>\n",
       "      <th>L101300</th>\n",
       "      <th>L103000</th>\n",
       "      <th>L100700</th>\n",
       "      <th>y</th>\n",
       "    </tr>\n",
       "  </thead>\n",
       "  <tbody>\n",
       "    <tr>\n",
       "      <th>SEX</th>\n",
       "      <td>1.000000</td>\n",
       "      <td>-0.739543</td>\n",
       "      <td>-0.725681</td>\n",
       "      <td>-0.220785</td>\n",
       "      <td>-0.674003</td>\n",
       "      <td>-0.304960</td>\n",
       "      <td>0.122544</td>\n",
       "      <td>0.292095</td>\n",
       "      <td>-0.231460</td>\n",
       "      <td>0.416583</td>\n",
       "      <td>-0.421350</td>\n",
       "      <td>-0.726041</td>\n",
       "      <td>-0.398025</td>\n",
       "      <td>-0.317453</td>\n",
       "      <td>-0.323101</td>\n",
       "      <td>-0.625437</td>\n",
       "      <td>-0.735252</td>\n",
       "    </tr>\n",
       "    <tr>\n",
       "      <th>L190400_x</th>\n",
       "      <td>-0.739543</td>\n",
       "      <td>1.000000</td>\n",
       "      <td>0.965249</td>\n",
       "      <td>0.415057</td>\n",
       "      <td>0.843840</td>\n",
       "      <td>0.483211</td>\n",
       "      <td>-0.320282</td>\n",
       "      <td>-0.383415</td>\n",
       "      <td>0.361373</td>\n",
       "      <td>-0.308310</td>\n",
       "      <td>0.374007</td>\n",
       "      <td>0.542548</td>\n",
       "      <td>0.378315</td>\n",
       "      <td>0.339973</td>\n",
       "      <td>0.319597</td>\n",
       "      <td>0.544601</td>\n",
       "      <td>0.859473</td>\n",
       "    </tr>\n",
       "    <tr>\n",
       "      <th>L190500</th>\n",
       "      <td>-0.725681</td>\n",
       "      <td>0.965249</td>\n",
       "      <td>1.000000</td>\n",
       "      <td>0.290032</td>\n",
       "      <td>0.880695</td>\n",
       "      <td>0.241555</td>\n",
       "      <td>-0.244332</td>\n",
       "      <td>-0.336169</td>\n",
       "      <td>0.332935</td>\n",
       "      <td>-0.278989</td>\n",
       "      <td>0.355947</td>\n",
       "      <td>0.536377</td>\n",
       "      <td>0.370611</td>\n",
       "      <td>0.327056</td>\n",
       "      <td>0.294396</td>\n",
       "      <td>0.523315</td>\n",
       "      <td>0.832289</td>\n",
       "    </tr>\n",
       "    <tr>\n",
       "      <th>L190700</th>\n",
       "      <td>-0.220785</td>\n",
       "      <td>0.415057</td>\n",
       "      <td>0.290032</td>\n",
       "      <td>1.000000</td>\n",
       "      <td>-0.134106</td>\n",
       "      <td>0.614191</td>\n",
       "      <td>-0.538652</td>\n",
       "      <td>-0.473356</td>\n",
       "      <td>0.338156</td>\n",
       "      <td>-0.021788</td>\n",
       "      <td>0.036787</td>\n",
       "      <td>0.148990</td>\n",
       "      <td>0.057743</td>\n",
       "      <td>0.069119</td>\n",
       "      <td>0.086404</td>\n",
       "      <td>0.128072</td>\n",
       "      <td>0.348886</td>\n",
       "    </tr>\n",
       "    <tr>\n",
       "      <th>L190300</th>\n",
       "      <td>-0.674003</td>\n",
       "      <td>0.843840</td>\n",
       "      <td>0.880695</td>\n",
       "      <td>-0.134106</td>\n",
       "      <td>1.000000</td>\n",
       "      <td>0.166359</td>\n",
       "      <td>-0.037613</td>\n",
       "      <td>-0.144454</td>\n",
       "      <td>0.196617</td>\n",
       "      <td>-0.321175</td>\n",
       "      <td>0.384071</td>\n",
       "      <td>0.502058</td>\n",
       "      <td>0.376517</td>\n",
       "      <td>0.328445</td>\n",
       "      <td>0.294926</td>\n",
       "      <td>0.517456</td>\n",
       "      <td>0.730082</td>\n",
       "    </tr>\n",
       "    <tr>\n",
       "      <th>L190800</th>\n",
       "      <td>-0.304960</td>\n",
       "      <td>0.483211</td>\n",
       "      <td>0.241555</td>\n",
       "      <td>0.614191</td>\n",
       "      <td>0.166359</td>\n",
       "      <td>1.000000</td>\n",
       "      <td>-0.422074</td>\n",
       "      <td>-0.328185</td>\n",
       "      <td>0.241688</td>\n",
       "      <td>-0.199188</td>\n",
       "      <td>0.185183</td>\n",
       "      <td>0.209917</td>\n",
       "      <td>0.152070</td>\n",
       "      <td>0.156106</td>\n",
       "      <td>0.189370</td>\n",
       "      <td>0.261141</td>\n",
       "      <td>0.405607</td>\n",
       "    </tr>\n",
       "    <tr>\n",
       "      <th>L190900</th>\n",
       "      <td>0.122544</td>\n",
       "      <td>-0.320282</td>\n",
       "      <td>-0.244332</td>\n",
       "      <td>-0.538652</td>\n",
       "      <td>-0.037613</td>\n",
       "      <td>-0.422074</td>\n",
       "      <td>1.000000</td>\n",
       "      <td>0.360048</td>\n",
       "      <td>-0.204391</td>\n",
       "      <td>0.069080</td>\n",
       "      <td>-0.022885</td>\n",
       "      <td>-0.108931</td>\n",
       "      <td>-0.019702</td>\n",
       "      <td>-0.038247</td>\n",
       "      <td>-0.030706</td>\n",
       "      <td>-0.078339</td>\n",
       "      <td>-0.279841</td>\n",
       "    </tr>\n",
       "    <tr>\n",
       "      <th>L104500</th>\n",
       "      <td>0.292095</td>\n",
       "      <td>-0.383415</td>\n",
       "      <td>-0.336169</td>\n",
       "      <td>-0.473356</td>\n",
       "      <td>-0.144454</td>\n",
       "      <td>-0.328185</td>\n",
       "      <td>0.360048</td>\n",
       "      <td>1.000000</td>\n",
       "      <td>-0.744633</td>\n",
       "      <td>0.100520</td>\n",
       "      <td>-0.038694</td>\n",
       "      <td>-0.223162</td>\n",
       "      <td>-0.030995</td>\n",
       "      <td>-0.056441</td>\n",
       "      <td>-0.006981</td>\n",
       "      <td>-0.156935</td>\n",
       "      <td>-0.363914</td>\n",
       "    </tr>\n",
       "    <tr>\n",
       "      <th>L104300</th>\n",
       "      <td>-0.231460</td>\n",
       "      <td>0.361373</td>\n",
       "      <td>0.332935</td>\n",
       "      <td>0.338156</td>\n",
       "      <td>0.196617</td>\n",
       "      <td>0.241688</td>\n",
       "      <td>-0.204391</td>\n",
       "      <td>-0.744633</td>\n",
       "      <td>1.000000</td>\n",
       "      <td>-0.007329</td>\n",
       "      <td>0.070823</td>\n",
       "      <td>0.168515</td>\n",
       "      <td>0.089736</td>\n",
       "      <td>0.121970</td>\n",
       "      <td>0.063782</td>\n",
       "      <td>0.179556</td>\n",
       "      <td>0.296375</td>\n",
       "    </tr>\n",
       "    <tr>\n",
       "      <th>L103100</th>\n",
       "      <td>0.416583</td>\n",
       "      <td>-0.308310</td>\n",
       "      <td>-0.278989</td>\n",
       "      <td>-0.021788</td>\n",
       "      <td>-0.321175</td>\n",
       "      <td>-0.199188</td>\n",
       "      <td>0.069080</td>\n",
       "      <td>0.100520</td>\n",
       "      <td>-0.007329</td>\n",
       "      <td>1.000000</td>\n",
       "      <td>-0.404900</td>\n",
       "      <td>-0.295397</td>\n",
       "      <td>-0.209775</td>\n",
       "      <td>-0.230780</td>\n",
       "      <td>-0.421138</td>\n",
       "      <td>-0.317115</td>\n",
       "      <td>-0.343765</td>\n",
       "    </tr>\n",
       "    <tr>\n",
       "      <th>S000300</th>\n",
       "      <td>-0.421350</td>\n",
       "      <td>0.374007</td>\n",
       "      <td>0.355947</td>\n",
       "      <td>0.036787</td>\n",
       "      <td>0.384071</td>\n",
       "      <td>0.185183</td>\n",
       "      <td>-0.022885</td>\n",
       "      <td>-0.038694</td>\n",
       "      <td>0.070823</td>\n",
       "      <td>-0.404900</td>\n",
       "      <td>1.000000</td>\n",
       "      <td>0.281387</td>\n",
       "      <td>0.451204</td>\n",
       "      <td>0.384184</td>\n",
       "      <td>0.367096</td>\n",
       "      <td>0.434084</td>\n",
       "      <td>0.379592</td>\n",
       "    </tr>\n",
       "    <tr>\n",
       "      <th>S000100</th>\n",
       "      <td>-0.726041</td>\n",
       "      <td>0.542548</td>\n",
       "      <td>0.536377</td>\n",
       "      <td>0.148990</td>\n",
       "      <td>0.502058</td>\n",
       "      <td>0.209917</td>\n",
       "      <td>-0.108931</td>\n",
       "      <td>-0.223162</td>\n",
       "      <td>0.168515</td>\n",
       "      <td>-0.295397</td>\n",
       "      <td>0.281387</td>\n",
       "      <td>1.000000</td>\n",
       "      <td>0.302989</td>\n",
       "      <td>0.220214</td>\n",
       "      <td>0.211122</td>\n",
       "      <td>0.463240</td>\n",
       "      <td>0.538107</td>\n",
       "    </tr>\n",
       "    <tr>\n",
       "      <th>S000501</th>\n",
       "      <td>-0.398025</td>\n",
       "      <td>0.378315</td>\n",
       "      <td>0.370611</td>\n",
       "      <td>0.057743</td>\n",
       "      <td>0.376517</td>\n",
       "      <td>0.152070</td>\n",
       "      <td>-0.019702</td>\n",
       "      <td>-0.030995</td>\n",
       "      <td>0.089736</td>\n",
       "      <td>-0.209775</td>\n",
       "      <td>0.451204</td>\n",
       "      <td>0.302989</td>\n",
       "      <td>1.000000</td>\n",
       "      <td>0.251812</td>\n",
       "      <td>0.274959</td>\n",
       "      <td>0.345171</td>\n",
       "      <td>0.365572</td>\n",
       "    </tr>\n",
       "    <tr>\n",
       "      <th>L101300</th>\n",
       "      <td>-0.317453</td>\n",
       "      <td>0.339973</td>\n",
       "      <td>0.327056</td>\n",
       "      <td>0.069119</td>\n",
       "      <td>0.328445</td>\n",
       "      <td>0.156106</td>\n",
       "      <td>-0.038247</td>\n",
       "      <td>-0.056441</td>\n",
       "      <td>0.121970</td>\n",
       "      <td>-0.230780</td>\n",
       "      <td>0.384184</td>\n",
       "      <td>0.220214</td>\n",
       "      <td>0.251812</td>\n",
       "      <td>1.000000</td>\n",
       "      <td>0.296096</td>\n",
       "      <td>0.344241</td>\n",
       "      <td>0.318358</td>\n",
       "    </tr>\n",
       "    <tr>\n",
       "      <th>L103000</th>\n",
       "      <td>-0.323101</td>\n",
       "      <td>0.319597</td>\n",
       "      <td>0.294396</td>\n",
       "      <td>0.086404</td>\n",
       "      <td>0.294926</td>\n",
       "      <td>0.189370</td>\n",
       "      <td>-0.030706</td>\n",
       "      <td>-0.006981</td>\n",
       "      <td>0.063782</td>\n",
       "      <td>-0.421138</td>\n",
       "      <td>0.367096</td>\n",
       "      <td>0.211122</td>\n",
       "      <td>0.274959</td>\n",
       "      <td>0.296096</td>\n",
       "      <td>1.000000</td>\n",
       "      <td>0.363308</td>\n",
       "      <td>0.307963</td>\n",
       "    </tr>\n",
       "    <tr>\n",
       "      <th>L100700</th>\n",
       "      <td>-0.625437</td>\n",
       "      <td>0.544601</td>\n",
       "      <td>0.523315</td>\n",
       "      <td>0.128072</td>\n",
       "      <td>0.517456</td>\n",
       "      <td>0.261141</td>\n",
       "      <td>-0.078339</td>\n",
       "      <td>-0.156935</td>\n",
       "      <td>0.179556</td>\n",
       "      <td>-0.317115</td>\n",
       "      <td>0.434084</td>\n",
       "      <td>0.463240</td>\n",
       "      <td>0.345171</td>\n",
       "      <td>0.344241</td>\n",
       "      <td>0.363308</td>\n",
       "      <td>1.000000</td>\n",
       "      <td>0.511663</td>\n",
       "    </tr>\n",
       "    <tr>\n",
       "      <th>y</th>\n",
       "      <td>-0.735252</td>\n",
       "      <td>0.859473</td>\n",
       "      <td>0.832289</td>\n",
       "      <td>0.348886</td>\n",
       "      <td>0.730082</td>\n",
       "      <td>0.405607</td>\n",
       "      <td>-0.279841</td>\n",
       "      <td>-0.363914</td>\n",
       "      <td>0.296375</td>\n",
       "      <td>-0.343765</td>\n",
       "      <td>0.379592</td>\n",
       "      <td>0.538107</td>\n",
       "      <td>0.365572</td>\n",
       "      <td>0.318358</td>\n",
       "      <td>0.307963</td>\n",
       "      <td>0.511663</td>\n",
       "      <td>1.000000</td>\n",
       "    </tr>\n",
       "  </tbody>\n",
       "</table>\n",
       "</div>"
      ],
      "text/plain": [
       "                SEX  L190400_x   L190500   L190700   L190300   L190800  \\\n",
       "SEX        1.000000  -0.739543 -0.725681 -0.220785 -0.674003 -0.304960   \n",
       "L190400_x -0.739543   1.000000  0.965249  0.415057  0.843840  0.483211   \n",
       "L190500   -0.725681   0.965249  1.000000  0.290032  0.880695  0.241555   \n",
       "L190700   -0.220785   0.415057  0.290032  1.000000 -0.134106  0.614191   \n",
       "L190300   -0.674003   0.843840  0.880695 -0.134106  1.000000  0.166359   \n",
       "L190800   -0.304960   0.483211  0.241555  0.614191  0.166359  1.000000   \n",
       "L190900    0.122544  -0.320282 -0.244332 -0.538652 -0.037613 -0.422074   \n",
       "L104500    0.292095  -0.383415 -0.336169 -0.473356 -0.144454 -0.328185   \n",
       "L104300   -0.231460   0.361373  0.332935  0.338156  0.196617  0.241688   \n",
       "L103100    0.416583  -0.308310 -0.278989 -0.021788 -0.321175 -0.199188   \n",
       "S000300   -0.421350   0.374007  0.355947  0.036787  0.384071  0.185183   \n",
       "S000100   -0.726041   0.542548  0.536377  0.148990  0.502058  0.209917   \n",
       "S000501   -0.398025   0.378315  0.370611  0.057743  0.376517  0.152070   \n",
       "L101300   -0.317453   0.339973  0.327056  0.069119  0.328445  0.156106   \n",
       "L103000   -0.323101   0.319597  0.294396  0.086404  0.294926  0.189370   \n",
       "L100700   -0.625437   0.544601  0.523315  0.128072  0.517456  0.261141   \n",
       "y         -0.735252   0.859473  0.832289  0.348886  0.730082  0.405607   \n",
       "\n",
       "            L190900   L104500   L104300   L103100   S000300   S000100  \\\n",
       "SEX        0.122544  0.292095 -0.231460  0.416583 -0.421350 -0.726041   \n",
       "L190400_x -0.320282 -0.383415  0.361373 -0.308310  0.374007  0.542548   \n",
       "L190500   -0.244332 -0.336169  0.332935 -0.278989  0.355947  0.536377   \n",
       "L190700   -0.538652 -0.473356  0.338156 -0.021788  0.036787  0.148990   \n",
       "L190300   -0.037613 -0.144454  0.196617 -0.321175  0.384071  0.502058   \n",
       "L190800   -0.422074 -0.328185  0.241688 -0.199188  0.185183  0.209917   \n",
       "L190900    1.000000  0.360048 -0.204391  0.069080 -0.022885 -0.108931   \n",
       "L104500    0.360048  1.000000 -0.744633  0.100520 -0.038694 -0.223162   \n",
       "L104300   -0.204391 -0.744633  1.000000 -0.007329  0.070823  0.168515   \n",
       "L103100    0.069080  0.100520 -0.007329  1.000000 -0.404900 -0.295397   \n",
       "S000300   -0.022885 -0.038694  0.070823 -0.404900  1.000000  0.281387   \n",
       "S000100   -0.108931 -0.223162  0.168515 -0.295397  0.281387  1.000000   \n",
       "S000501   -0.019702 -0.030995  0.089736 -0.209775  0.451204  0.302989   \n",
       "L101300   -0.038247 -0.056441  0.121970 -0.230780  0.384184  0.220214   \n",
       "L103000   -0.030706 -0.006981  0.063782 -0.421138  0.367096  0.211122   \n",
       "L100700   -0.078339 -0.156935  0.179556 -0.317115  0.434084  0.463240   \n",
       "y         -0.279841 -0.363914  0.296375 -0.343765  0.379592  0.538107   \n",
       "\n",
       "            S000501   L101300   L103000   L100700         y  \n",
       "SEX       -0.398025 -0.317453 -0.323101 -0.625437 -0.735252  \n",
       "L190400_x  0.378315  0.339973  0.319597  0.544601  0.859473  \n",
       "L190500    0.370611  0.327056  0.294396  0.523315  0.832289  \n",
       "L190700    0.057743  0.069119  0.086404  0.128072  0.348886  \n",
       "L190300    0.376517  0.328445  0.294926  0.517456  0.730082  \n",
       "L190800    0.152070  0.156106  0.189370  0.261141  0.405607  \n",
       "L190900   -0.019702 -0.038247 -0.030706 -0.078339 -0.279841  \n",
       "L104500   -0.030995 -0.056441 -0.006981 -0.156935 -0.363914  \n",
       "L104300    0.089736  0.121970  0.063782  0.179556  0.296375  \n",
       "L103100   -0.209775 -0.230780 -0.421138 -0.317115 -0.343765  \n",
       "S000300    0.451204  0.384184  0.367096  0.434084  0.379592  \n",
       "S000100    0.302989  0.220214  0.211122  0.463240  0.538107  \n",
       "S000501    1.000000  0.251812  0.274959  0.345171  0.365572  \n",
       "L101300    0.251812  1.000000  0.296096  0.344241  0.318358  \n",
       "L103000    0.274959  0.296096  1.000000  0.363308  0.307963  \n",
       "L100700    0.345171  0.344241  0.363308  1.000000  0.511663  \n",
       "y          0.365572  0.318358  0.307963  0.511663  1.000000  "
      ]
     },
     "execution_count": 10,
     "metadata": {},
     "output_type": "execute_result"
    }
   ],
   "source": [
    "temppd=pd.DataFrame(data.copy()[['SEX', 'L190400_x', 'L190500', 'L190700', 'L190300', 'L190800',\n",
    "       'L190900', 'L104500', 'L104300', 'L103100', 'S000300', 'S000100',\n",
    "       'S000501', 'L101300', 'L103000', 'L100700'\n",
    "                                ]]).dropna() \n",
    "temppd['y']=data.L190400_y\n",
    "temppd.corr().head(20)\n",
    "# corval=abs(temppd.corr()).sort_values(by='y', ascending=False)\n",
    "\n",
    "# corr = (temppd.corr())\n",
    "# sns.heatmap(corr, vmin=-1, vmax=1)\n",
    "\n",
    "# # mask = np.zeros_like(corr)\n",
    "# # mask[np.triu_indices_from(mask)] = True\n",
    "# # with sns.axes_style(\"white\"):\n",
    "# #     ax = sns.heatmap(corr, mask=mask, vmax=.3, square=True)\n",
    "\n",
    "# corr.head(20)"
   ]
  },
  {
   "cell_type": "code",
   "execution_count": 12,
   "metadata": {},
   "outputs": [
    {
     "name": "stdout",
     "output_type": "stream",
     "text": [
      "Index(['SEX', 'L190400_x', 'L190500', 'L190700', 'L190300', 'L190800',\n",
      "       'L190900', 'L104500', 'L104300', 'L103100', 'S000300', 'S000100',\n",
      "       'S000501', 'L101300', 'L103000', 'L100700'],\n",
      "      dtype='object')\n"
     ]
    }
   ],
   "source": [
    "y=data[['L190400_y']]\n",
    "\n",
    "x=data[['SEX', 'L190400_x', 'L190500', 'L190700', 'L190300', 'L190800',\n",
    "       'L190900', 'L104500', 'L104300', 'L103100', 'S000300', 'S000100',\n",
    "       'S000501', 'L101300', 'L103000', 'L100700']]\n",
    "print(x.columns)"
   ]
  },
  {
   "cell_type": "markdown",
   "metadata": {},
   "source": [
    "Apply PCA\n",
    "==========="
   ]
  },
  {
   "cell_type": "code",
   "execution_count": 13,
   "metadata": {},
   "outputs": [],
   "source": [
    "# from sklearn.decomposition import PCA\n",
    "# pca = PCA(n_components=8)\n",
    "# pca.fit(x)\n",
    "\n",
    "# print(pca.explained_variance_ratio_)   \n",
    "# print(np.sum(pca.explained_variance_ratio_))\n",
    "\n",
    "# x=pca.fit_transform(x) \n",
    "# print(x.shape)\n"
   ]
  },
  {
   "cell_type": "markdown",
   "metadata": {},
   "source": [
    "feature scaling\n",
    "======="
   ]
  },
  {
   "cell_type": "code",
   "execution_count": 14,
   "metadata": {},
   "outputs": [],
   "source": [
    "# from sklearn import preprocessing\n",
    "# min_max_scaler = preprocessing.MinMaxScaler()  #StandardScaler()\n",
    "# x = min_max_scaler.fit_transform(x)"
   ]
  },
  {
   "cell_type": "markdown",
   "metadata": {},
   "source": [
    "clustring test\n",
    "=========="
   ]
  },
  {
   "cell_type": "code",
   "execution_count": 15,
   "metadata": {},
   "outputs": [],
   "source": [
    "# from sklearn.cluster import KMeans\n",
    "# from scipy.spatial.distance import cdist\n",
    "\n",
    "# K = range(1,10)\n",
    "# distortions = []\n",
    "\n",
    "# for k in K:\n",
    "#     kmeanModel = KMeans(n_clusters=k).fit(x)\n",
    "#     kmeanModel.fit(x)\n",
    "#     distortions.append(sum(np.min(cdist(x, kmeanModel.cluster_centers_, 'euclidean'), axis=1)) / x.shape[0])\n",
    "\n",
    "# # Plot the elbow\n",
    "# plt.plot(K, distortions, 'bx-')\n",
    "# plt.xlabel('k')\n",
    "# plt.ylabel('Distortion')\n",
    "# plt.title('The Elbow Method showing the optimal k')\n",
    "# plt.show()\n"
   ]
  },
  {
   "cell_type": "code",
   "execution_count": 16,
   "metadata": {},
   "outputs": [],
   "source": [
    "# kmeanModel = KMeans(n_clusters=k).fit(x)\n",
    "# x['lbl']=kmeanModel.labels_ "
   ]
  },
  {
   "cell_type": "markdown",
   "metadata": {},
   "source": [
    "Random Forest Regressor\n",
    "============="
   ]
  },
  {
   "cell_type": "code",
   "execution_count": 19,
   "metadata": {},
   "outputs": [],
   "source": [
    "ylable=y[['L190400_y']]  \n",
    "xtrain,xtest,ytrain,ytest=train_test_split(x, ylable, random_state=42, test_size=0.2)"
   ]
  },
  {
   "cell_type": "code",
   "execution_count": 20,
   "metadata": {},
   "outputs": [
    {
     "name": "stdout",
     "output_type": "stream",
     "text": [
      "[5.93453619e-01 3.87183890e-01 1.28533337e-03 1.80137516e-03\n",
      " 7.82904938e-04 1.50974793e-03 2.25122846e-03 3.12039724e-03\n",
      " 1.56535737e-03 2.53230589e-03 1.36090333e-03 7.01082112e-04\n",
      " 5.04463664e-04 6.74595832e-04 7.19285793e-04 5.53510042e-04]\n"
     ]
    }
   ],
   "source": [
    "regr = RandomForestRegressor(max_depth=7, random_state=0,verbose =0,n_estimators=50)\n",
    "regr.fit(xtrain, ytrain) \n",
    "print(regr.feature_importances_)\n",
    "ypred=regr.predict(xtest)\n"
   ]
  },
  {
   "cell_type": "code",
   "execution_count": 21,
   "metadata": {},
   "outputs": [
    {
     "name": "stdout",
     "output_type": "stream",
     "text": [
      "mean_squared_error 0.5200021628833023\n",
      "root mean_squared_error 0.7211117547809787\n",
      "mean_absolute_error 0.5505669748509251\n",
      "r2_score 0.759254912215697\n"
     ]
    },
    {
     "data": {
