{
 "cells": [
  {
   "cell_type": "code",
   "execution_count": 1,
   "metadata": {},
   "outputs": [],
   "source": [
    "from matplotlib import pyplot as plt\n",
    "import pandas as pd \n",
    "import numpy as np\n",
    "import warnings\n",
    "warnings.filterwarnings('ignore')\n",
    "from sklearn.ensemble import RandomForestRegressor\n",
    "from sklearn import metrics as m\n",
    "from sklearn.model_selection import train_test_split\n",
    "import xgboost as xgb\n",
    "import seaborn as sns\n"
   ]
  },
  {
   "cell_type": "markdown",
   "metadata": {},
   "source": [
    "Read the data\n",
    "==========="
   ]
  },
  {
   "cell_type": "code",
   "execution_count": 2,
   "metadata": {},
   "outputs": [],
   "source": [
    "x_original=pd.read_csv('../_xlable4_withNa_AllColumns.txt')\n",
    "y_original=pd.read_csv('../_targelable4_withNa_AllColumns.txt')\n",
    "\n",
    "\n",
    "x_original['max']=np.min(x_original[['FIELD_6','FIELD_7']],axis=1)\n",
    "x_original=x_original.drop(columns=['FIELD_6','FIELD_7'])\n",
    "x_original=x_original.query('FIELD_16 != 1 and FIELD_23 != 1')\n",
    "\n",
    "y_original['max']=np.min(y_original[['FIELD_6','FIELD_7']],axis=1)\n",
    "y_original=y_original.drop(columns=['FIELD_6','FIELD_7'])\n",
    "y_original=y_original.query('FIELD_16 != 1 and FIELD_23 != 1')\n",
    "\n"
   ]
  },
  {
   "cell_type": "code",
   "execution_count": 3,
   "metadata": {},
   "outputs": [
    {
     "name": "stdout",
     "output_type": "stream",
     "text": [
      "(159381, 407)\n",
      "(159381, 407)\n"
     ]
    }
   ],
   "source": [
    "\n",
    "x=x_original[['Unnamed: 0','L101300', 'FIELD_32', 'S000300', 'FIELD_5', 'L190400', 'L101200', 'L100700', \n",
    "              'L103300', 'L190500', 'FIELD_33', 'FIELD_38', 'L101700', 'S000100', 'FIELD_40', 'L103100', 'S000501',\n",
    "              \n",
    "             'FIELD_15','FIELD_17','FIELD_22','FIELD_24','FIELD_16','FIELD_23','AGE','SEX']]\n",
    "\n",
    "y=y_original[['Unnamed: 0','L101300']]\n",
    "\n",
    "print(x_original.shape)\n",
    "print(y_original.shape)"
   ]
  },
  {
   "cell_type": "markdown",
   "metadata": {},
   "source": [
    "Prepare the data\n",
    "============"
   ]
  },
  {
   "cell_type": "code",
   "execution_count": 4,
   "metadata": {},
   "outputs": [
    {
     "name": "stdout",
     "output_type": "stream",
     "text": [
      "(51571, 27)\n"
     ]
    },
    {
     "data": {
      "text/html": [
       "<div>\n",
       "<style scoped>\n",
       "    .dataframe tbody tr th:only-of-type {\n",
       "        vertical-align: middle;\n",
       "    }\n",
       "\n",
       "    .dataframe tbody tr th {\n",
       "        vertical-align: top;\n",
       "    }\n",
       "\n",
       "    .dataframe thead th {\n",
       "        text-align: right;\n",
       "    }\n",
       "</style>\n",
       "<table border=\"1\" class=\"dataframe\">\n",
       "  <thead>\n",
       "    <tr style=\"text-align: right;\">\n",
       "      <th></th>\n",
       "      <th>index</th>\n",
       "      <th>Unnamed: 0</th>\n",
       "      <th>L101300_x</th>\n",
       "      <th>FIELD_32</th>\n",
       "      <th>S000300</th>\n",
       "      <th>FIELD_5</th>\n",
       "      <th>L190400</th>\n",
       "      <th>L101200</th>\n",
       "      <th>L100700</th>\n",
       "      <th>L103300</th>\n",
       "      <th>...</th>\n",
       "      <th>S000501</th>\n",
       "      <th>FIELD_15</th>\n",
       "      <th>FIELD_17</th>\n",
       "      <th>FIELD_22</th>\n",
       "      <th>FIELD_24</th>\n",
       "      <th>FIELD_16</th>\n",
       "      <th>FIELD_23</th>\n",
       "      <th>AGE</th>\n",
       "      <th>SEX</th>\n",
       "      <th>L101300_y</th>\n",
       "    </tr>\n",
       "  </thead>\n",
       "  <tbody>\n",
       "    <tr>\n",
       "      <th>0</th>\n",
       "      <td>0</td>\n",
       "      <td>0</td>\n",
       "      <td>8.0</td>\n",
       "      <td>2.0</td>\n",
       "      <td>20.1</td>\n",
       "      <td>2.0</td>\n",
       "      <td>12.3</td>\n",
       "      <td>17.0</td>\n",
       "      <td>3.0</td>\n",
       "      <td>3.1</td>\n",
       "      <td>...</td>\n",
       "      <td>121.0</td>\n",
       "      <td>0.0</td>\n",
       "      <td>0.0</td>\n",
       "      <td>0.0</td>\n",
       "      <td>0.0</td>\n",
       "      <td>0.0</td>\n",
       "      <td>0.0</td>\n",
       "      <td>44.0</td>\n",
       "      <td>1.0</td>\n",
       "      <td>9.0</td>\n",
       "    </tr>\n",
       "    <tr>\n",
       "      <th>1</th>\n",
       "      <td>1</td>\n",
       "      <td>1</td>\n",
       "      <td>9.0</td>\n",
       "      <td>2.0</td>\n",
       "      <td>19.7</td>\n",
       "      <td>2.0</td>\n",
       "      <td>13.1</td>\n",
       "      <td>21.0</td>\n",
       "      <td>3.0</td>\n",
       "      <td>3.3</td>\n",
       "      <td>...</td>\n",
       "      <td>117.0</td>\n",
       "      <td>0.0</td>\n",
       "      <td>0.0</td>\n",
       "      <td>0.0</td>\n",
       "      <td>0.0</td>\n",
       "      <td>0.0</td>\n",
       "      <td>0.0</td>\n",
       "      <td>45.0</td>\n",
       "      <td>1.0</td>\n",
       "      <td>10.0</td>\n",
       "    </tr>\n",
       "    <tr>\n",
       "      <th>2</th>\n",
       "      <td>2</td>\n",
       "      <td>2</td>\n",
       "      <td>10.0</td>\n",
       "      <td>2.0</td>\n",
       "      <td>20.2</td>\n",
       "      <td>2.0</td>\n",
       "      <td>12.9</td>\n",
       "      <td>19.0</td>\n",
       "      <td>3.8</td>\n",
       "      <td>3.4</td>\n",
       "      <td>...</td>\n",
       "      <td>135.0</td>\n",
       "      <td>0.0</td>\n",
       "      <td>0.0</td>\n",
       "      <td>0.0</td>\n",
       "      <td>0.0</td>\n",
       "      <td>0.0</td>\n",
       "      <td>0.0</td>\n",
       "      <td>46.0</td>\n",
       "      <td>1.0</td>\n",
       "      <td>10.0</td>\n",
       "    </tr>\n",
       "    <tr>\n",
       "      <th>3</th>\n",
       "      <td>3</td>\n",
       "      <td>3</td>\n",
       "      <td>12.0</td>\n",
       "      <td>3.0</td>\n",
       "      <td>24.8</td>\n",
       "      <td>2.0</td>\n",
       "      <td>13.5</td>\n",
       "      <td>15.0</td>\n",
       "      <td>3.7</td>\n",
       "      <td>2.8</td>\n",
       "      <td>...</td>\n",
       "      <td>118.0</td>\n",
       "      <td>0.0</td>\n",
       "      <td>0.0</td>\n",
       "      <td>0.0</td>\n",
       "      <td>0.0</td>\n",
       "      <td>0.0</td>\n",
       "      <td>0.0</td>\n",
       "      <td>51.0</td>\n",
       "      <td>1.0</td>\n",
       "      <td>12.0</td>\n",
       "    </tr>\n",
       "    <tr>\n",
       "      <th>4</th>\n",
       "      <td>4</td>\n",
       "      <td>4</td>\n",
       "      <td>12.0</td>\n",
       "      <td>2.0</td>\n",
       "      <td>25.5</td>\n",
       "      <td>2.0</td>\n",
       "      <td>12.6</td>\n",
       "      <td>16.0</td>\n",
       "      <td>3.4</td>\n",
       "      <td>2.9</td>\n",
       "      <td>...</td>\n",
       "      <td>111.0</td>\n",
       "      <td>0.0</td>\n",
       "      <td>0.0</td>\n",
       "      <td>0.0</td>\n",
       "      <td>0.0</td>\n",
       "      <td>0.0</td>\n",
       "      <td>0.0</td>\n",
       "      <td>52.0</td>\n",
       "      <td>1.0</td>\n",
       "      <td>23.0</td>\n",
       "    </tr>\n",
       "  </tbody>\n",
       "</table>\n",
       "<p>5 rows × 27 columns</p>\n",
       "</div>"
      ],
      "text/plain": [
       "   index  Unnamed: 0  L101300_x  FIELD_32  S000300  FIELD_5  L190400  L101200  \\\n",
       "0      0           0        8.0       2.0     20.1      2.0     12.3     17.0   \n",
       "1      1           1        9.0       2.0     19.7      2.0     13.1     21.0   \n",
       "2      2           2       10.0       2.0     20.2      2.0     12.9     19.0   \n",
       "3      3           3       12.0       3.0     24.8      2.0     13.5     15.0   \n",
       "4      4           4       12.0       2.0     25.5      2.0     12.6     16.0   \n",
       "\n",
       "   L100700  L103300  ...  S000501  FIELD_15  FIELD_17  FIELD_22  FIELD_24  \\\n",
       "0      3.0      3.1  ...    121.0       0.0       0.0       0.0       0.0   \n",
       "1      3.0      3.3  ...    117.0       0.0       0.0       0.0       0.0   \n",
       "2      3.8      3.4  ...    135.0       0.0       0.0       0.0       0.0   \n",
       "3      3.7      2.8  ...    118.0       0.0       0.0       0.0       0.0   \n",
       "4      3.4      2.9  ...    111.0       0.0       0.0       0.0       0.0   \n",
       "\n",
       "   FIELD_16  FIELD_23   AGE  SEX  L101300_y  \n",
       "0       0.0       0.0  44.0  1.0        9.0  \n",
       "1       0.0       0.0  45.0  1.0       10.0  \n",
       "2       0.0       0.0  46.0  1.0       10.0  \n",
       "3       0.0       0.0  51.0  1.0       12.0  \n",
       "4       0.0       0.0  52.0  1.0       23.0  \n",
       "\n",
       "[5 rows x 27 columns]"
      ]
     },
     "execution_count": 4,
     "metadata": {},
     "output_type": "execute_result"
    }
   ],
   "source": [
    "data= pd.merge(x,y, how='inner',left_on='Unnamed: 0', right_on='Unnamed: 0')\n",
    "data=data.query('FIELD_15 !=1 and FIELD_17 !=1 and FIELD_22 != 1 and FIELD_24 != 1 and FIELD_16 != 1 and FIELD_23 != 1')\n",
    "\n",
    "# data=data[data.SEX==0]\n",
    "# data=data[data.AGE>=40]\n",
    "data=data.dropna(). reset_index()\n",
    "\n",
    "# data=data[data.FIELD_15!=1]\n",
    "# data=data[data.FIELD_17!=1]\n",
    "# data=data[data.FIELD_22!=1]\n",
    "# data=data[data.FIELD_24!=1]\n",
    "\n",
    "# data['max']=np.min(data[['FIELD_6','FIELD_7']],axis=1)\n",
    "# data=data.drop(columns=['FIELD_6','FIELD_7'])\n",
    "# data=data.query('FIELD_16 != 1 and FIELD_23 != 1')\n",
    "\n",
    "\n",
    "print(data.shape)\n",
    "data.head()"
   ]
  },
  {
   "cell_type": "markdown",
   "metadata": {},
   "source": [
    "Check the correlation of the selected feature with the independent variables\n",
    "====="
   ]
  },
  {
   "cell_type": "code",
   "execution_count": 5,
   "metadata": {},
   "outputs": [
    {
     "data": {
      "text/html": [
       "<div>\n",
       "<style scoped>\n",
       "    .dataframe tbody tr th:only-of-type {\n",
       "        vertical-align: middle;\n",
       "    }\n",
       "\n",
       "    .dataframe tbody tr th {\n",
       "        vertical-align: top;\n",
       "    }\n",
       "\n",
       "    .dataframe thead th {\n",
       "        text-align: right;\n",
       "    }\n",
       "</style>\n",
       "<table border=\"1\" class=\"dataframe\">\n",
       "  <thead>\n",
       "    <tr style=\"text-align: right;\">\n",
       "      <th></th>\n",
       "      <th>L101300_x</th>\n",
       "      <th>FIELD_32</th>\n",
       "      <th>S000300</th>\n",
       "      <th>FIELD_5</th>\n",
       "      <th>L190400</th>\n",
       "      <th>L101200</th>\n",
       "      <th>L100700</th>\n",
       "      <th>L103300</th>\n",
       "      <th>L190500</th>\n",
       "      <th>FIELD_33</th>\n",
       "      <th>FIELD_38</th>\n",
       "      <th>L101700</th>\n",
       "      <th>S000100</th>\n",
       "      <th>FIELD_40</th>\n",
       "      <th>L103100</th>\n",
       "      <th>S000501</th>\n",
       "      <th>y</th>\n",
       "    </tr>\n",
       "  </thead>\n",
       "  <tbody>\n",
       "    <tr>\n",
       "      <th>L101300_x</th>\n",
       "      <td>1.000000</td>\n",
       "      <td>-0.022784</td>\n",
       "      <td>0.354364</td>\n",
       "      <td>0.041323</td>\n",
       "      <td>0.323366</td>\n",
       "      <td>0.762824</td>\n",
       "      <td>0.322611</td>\n",
       "      <td>0.311912</td>\n",
       "      <td>0.312994</td>\n",
       "      <td>0.199979</td>\n",
       "      <td>0.105391</td>\n",
       "      <td>0.447273</td>\n",
       "      <td>0.218538</td>\n",
       "      <td>0.004730</td>\n",
       "      <td>-0.212361</td>\n",
       "      <td>0.233986</td>\n",
       "      <td>0.536211</td>\n",
       "    </tr>\n",
       "    <tr>\n",
       "      <th>FIELD_32</th>\n",
       "      <td>-0.022784</td>\n",
       "      <td>1.000000</td>\n",
       "      <td>0.021455</td>\n",
       "      <td>-0.203367</td>\n",
       "      <td>0.036116</td>\n",
       "      <td>-0.031995</td>\n",
       "      <td>0.043944</td>\n",
       "      <td>0.022779</td>\n",
       "      <td>0.036458</td>\n",
       "      <td>0.047271</td>\n",
       "      <td>0.051061</td>\n",
       "      <td>0.024942</td>\n",
       "      <td>0.029486</td>\n",
       "      <td>-0.012955</td>\n",
       "      <td>-0.007299</td>\n",
       "      <td>0.009852</td>\n",
       "      <td>-0.023543</td>\n",
       "    </tr>\n",
       "    <tr>\n",
       "      <th>S000300</th>\n",
       "      <td>0.354364</td>\n",
       "      <td>0.021455</td>\n",
       "      <td>1.000000</td>\n",
       "      <td>0.008997</td>\n",
       "      <td>0.375873</td>\n",
       "      <td>0.180818</td>\n",
       "      <td>0.428084</td>\n",
       "      <td>0.461650</td>\n",
       "      <td>0.359528</td>\n",
       "      <td>0.263642</td>\n",
       "      <td>0.173957</td>\n",
       "      <td>0.286157</td>\n",
       "      <td>0.272979</td>\n",
       "      <td>0.090986</td>\n",
       "      <td>-0.386978</td>\n",
       "      <td>0.437754</td>\n",
       "      <td>0.342520</td>\n",
       "    </tr>\n",
       "    <tr>\n",
       "      <th>FIELD_5</th>\n",
       "      <td>0.041323</td>\n",
       "      <td>-0.203367</td>\n",
       "      <td>0.008997</td>\n",
       "      <td>1.000000</td>\n",
       "      <td>0.028109</td>\n",
       "      <td>0.024201</td>\n",
       "      <td>0.008379</td>\n",
       "      <td>-0.009435</td>\n",
       "      <td>0.026186</td>\n",
       "      <td>0.003650</td>\n",
       "      <td>-0.017545</td>\n",
       "      <td>-0.010895</td>\n",
       "      <td>0.044434</td>\n",
       "      <td>-0.010969</td>\n",
       "      <td>-0.023017</td>\n",
       "      <td>-0.008216</td>\n",
       "      <td>0.047412</td>\n",
       "    </tr>\n",
       "    <tr>\n",
       "      <th>L190400</th>\n",
       "      <td>0.323366</td>\n",
       "      <td>0.036116</td>\n",
       "      <td>0.375873</td>\n",
       "      <td>0.028109</td>\n",
       "      <td>1.000000</td>\n",
       "      <td>0.176485</td>\n",
       "      <td>0.554350</td>\n",
       "      <td>0.375426</td>\n",
       "      <td>0.962554</td>\n",
       "      <td>0.473783</td>\n",
       "      <td>0.314920</td>\n",
       "      <td>0.323433</td>\n",
       "      <td>0.546409</td>\n",
       "      <td>0.067381</td>\n",
       "      <td>-0.300450</td>\n",
       "      <td>0.372525</td>\n",
       "      <td>0.312365</td>\n",
       "    </tr>\n",
       "    <tr>\n",
       "      <th>L101200</th>\n",
       "      <td>0.762824</td>\n",
       "      <td>-0.031995</td>\n",
       "      <td>0.180818</td>\n",
       "      <td>0.024201</td>\n",
       "      <td>0.176485</td>\n",
       "      <td>1.000000</td>\n",
       "      <td>0.192348</td>\n",
       "      <td>0.134726</td>\n",
       "      <td>0.171317</td>\n",
       "      <td>0.105959</td>\n",
       "      <td>0.103837</td>\n",
       "      <td>0.327543</td>\n",
       "      <td>0.110745</td>\n",
       "      <td>0.053179</td>\n",
       "      <td>-0.061019</td>\n",
       "      <td>0.143602</td>\n",
       "      <td>0.306320</td>\n",
       "    </tr>\n",
       "    <tr>\n",
       "      <th>L100700</th>\n",
       "      <td>0.322611</td>\n",
       "      <td>0.043944</td>\n",
       "      <td>0.428084</td>\n",
       "      <td>0.008379</td>\n",
       "      <td>0.554350</td>\n",
       "      <td>0.192348</td>\n",
       "      <td>1.000000</td>\n",
       "      <td>0.411965</td>\n",
       "      <td>0.534581</td>\n",
       "      <td>0.383505</td>\n",
       "      <td>0.288937</td>\n",
       "      <td>0.334420</td>\n",
       "      <td>0.480124</td>\n",
       "      <td>0.079132</td>\n",
       "      <td>-0.323038</td>\n",
       "      <td>0.341859</td>\n",
       "      <td>0.298661</td>\n",
       "    </tr>\n",
       "    <tr>\n",
       "      <th>L103300</th>\n",
       "      <td>0.311912</td>\n",
       "      <td>0.022779</td>\n",
       "      <td>0.461650</td>\n",
       "      <td>-0.009435</td>\n",
       "      <td>0.375426</td>\n",
       "      <td>0.134726</td>\n",
       "      <td>0.411965</td>\n",
       "      <td>1.000000</td>\n",
       "      <td>0.361044</td>\n",
       "      <td>0.291260</td>\n",
       "      <td>0.059301</td>\n",
       "      <td>0.262616</td>\n",
       "      <td>0.265830</td>\n",
       "      <td>-0.009215</td>\n",
       "      <td>-0.740843</td>\n",
       "      <td>0.278527</td>\n",
       "      <td>0.294794</td>\n",
       "    </tr>\n",
       "    <tr>\n",
       "      <th>L190500</th>\n",
       "      <td>0.312994</td>\n",
       "      <td>0.036458</td>\n",
       "      <td>0.359528</td>\n",
       "      <td>0.026186</td>\n",
       "      <td>0.962554</td>\n",
       "      <td>0.171317</td>\n",
       "      <td>0.534581</td>\n",
       "      <td>0.361044</td>\n",
       "      <td>1.000000</td>\n",
       "      <td>0.473392</td>\n",
       "      <td>0.309365</td>\n",
       "      <td>0.311465</td>\n",
       "      <td>0.544610</td>\n",
       "      <td>0.070647</td>\n",
       "      <td>-0.279802</td>\n",
       "      <td>0.367454</td>\n",
       "      <td>0.301246</td>\n",
       "    </tr>\n",
       "    <tr>\n",
       "      <th>FIELD_33</th>\n",
       "      <td>0.199979</td>\n",
       "      <td>0.047271</td>\n",
       "      <td>0.263642</td>\n",
       "      <td>0.003650</td>\n",
       "      <td>0.473783</td>\n",
       "      <td>0.105959</td>\n",
       "      <td>0.383505</td>\n",
       "      <td>0.291260</td>\n",
       "      <td>0.473392</td>\n",
       "      <td>1.000000</td>\n",
       "      <td>0.364413</td>\n",
       "      <td>0.301423</td>\n",
       "      <td>0.439916</td>\n",
       "      <td>0.033470</td>\n",
       "      <td>-0.259456</td>\n",
       "      <td>0.203913</td>\n",
       "      <td>0.207938</td>\n",
       "    </tr>\n",
       "    <tr>\n",
       "      <th>FIELD_38</th>\n",
       "      <td>0.105391</td>\n",
       "      <td>0.051061</td>\n",
       "      <td>0.173957</td>\n",
       "      <td>-0.017545</td>\n",
       "      <td>0.314920</td>\n",
       "      <td>0.103837</td>\n",
       "      <td>0.288937</td>\n",
       "      <td>0.059301</td>\n",
       "      <td>0.309365</td>\n",
       "      <td>0.364413</td>\n",
       "      <td>1.000000</td>\n",
       "      <td>0.319313</td>\n",
       "      <td>0.308986</td>\n",
       "      <td>0.081389</td>\n",
       "      <td>-0.003511</td>\n",
       "      <td>0.207384</td>\n",
       "      <td>0.115962</td>\n",
       "    </tr>\n",
       "    <tr>\n",
       "      <th>L101700</th>\n",
       "      <td>0.447273</td>\n",
       "      <td>0.024942</td>\n",
       "      <td>0.286157</td>\n",
       "      <td>-0.010895</td>\n",
       "      <td>0.323433</td>\n",
       "      <td>0.327543</td>\n",
       "      <td>0.334420</td>\n",
       "      <td>0.262616</td>\n",
       "      <td>0.311465</td>\n",
       "      <td>0.301423</td>\n",
       "      <td>0.319313</td>\n",
       "      <td>1.000000</td>\n",
       "      <td>0.223411</td>\n",
       "      <td>0.018271</td>\n",
       "      <td>-0.139275</td>\n",
       "      <td>0.263420</td>\n",
       "      <td>0.355820</td>\n",
       "    </tr>\n",
       "    <tr>\n",
       "      <th>S000100</th>\n",
       "      <td>0.218538</td>\n",
       "      <td>0.029486</td>\n",
       "      <td>0.272979</td>\n",
       "      <td>0.044434</td>\n",
       "      <td>0.546409</td>\n",
       "      <td>0.110745</td>\n",
       "      <td>0.480124</td>\n",
       "      <td>0.265830</td>\n",
       "      <td>0.544610</td>\n",
       "      <td>0.439916</td>\n",
       "      <td>0.308986</td>\n",
       "      <td>0.223411</td>\n",
       "      <td>1.000000</td>\n",
       "      <td>0.071406</td>\n",
       "      <td>-0.296332</td>\n",
       "      <td>0.290160</td>\n",
       "      <td>0.220447</td>\n",
       "    </tr>\n",
       "    <tr>\n",
       "      <th>FIELD_40</th>\n",
       "      <td>0.004730</td>\n",
       "      <td>-0.012955</td>\n",
       "      <td>0.090986</td>\n",
       "      <td>-0.010969</td>\n",
       "      <td>0.067381</td>\n",
       "      <td>0.053179</td>\n",
       "      <td>0.079132</td>\n",
       "      <td>-0.009215</td>\n",
       "      <td>0.070647</td>\n",
       "      <td>0.033470</td>\n",
       "      <td>0.081389</td>\n",
       "      <td>0.018271</td>\n",
       "      <td>0.071406</td>\n",
       "      <td>1.000000</td>\n",
       "      <td>0.025162</td>\n",
       "      <td>0.080340</td>\n",
       "      <td>0.016533</td>\n",
       "    </tr>\n",
       "    <tr>\n",
       "      <th>L103100</th>\n",
       "      <td>-0.212361</td>\n",
       "      <td>-0.007299</td>\n",
       "      <td>-0.386978</td>\n",
       "      <td>-0.023017</td>\n",
       "      <td>-0.300450</td>\n",
       "      <td>-0.061019</td>\n",
       "      <td>-0.323038</td>\n",
       "      <td>-0.740843</td>\n",
       "      <td>-0.279802</td>\n",
       "      <td>-0.259456</td>\n",
       "      <td>-0.003511</td>\n",
       "      <td>-0.139275</td>\n",
       "      <td>-0.296332</td>\n",
       "      <td>0.025162</td>\n",
       "      <td>1.000000</td>\n",
       "      <td>-0.196047</td>\n",
       "      <td>-0.220746</td>\n",
       "    </tr>\n",
       "    <tr>\n",
       "      <th>S000501</th>\n",
       "      <td>0.233986</td>\n",
       "      <td>0.009852</td>\n",
       "      <td>0.437754</td>\n",
       "      <td>-0.008216</td>\n",
       "      <td>0.372525</td>\n",
       "      <td>0.143602</td>\n",
       "      <td>0.341859</td>\n",
       "      <td>0.278527</td>\n",
       "      <td>0.367454</td>\n",
       "      <td>0.203913</td>\n",
       "      <td>0.207384</td>\n",
       "      <td>0.263420</td>\n",
       "      <td>0.290160</td>\n",
       "      <td>0.080340</td>\n",
       "      <td>-0.196047</td>\n",
       "      <td>1.000000</td>\n",
       "      <td>0.229651</td>\n",
       "    </tr>\n",
       "    <tr>\n",
       "      <th>y</th>\n",
       "      <td>0.536211</td>\n",
       "      <td>-0.023543</td>\n",
       "      <td>0.342520</td>\n",
       "      <td>0.047412</td>\n",
       "      <td>0.312365</td>\n",
       "      <td>0.306320</td>\n",
       "      <td>0.298661</td>\n",
       "      <td>0.294794</td>\n",
       "      <td>0.301246</td>\n",
       "      <td>0.207938</td>\n",
       "      <td>0.115962</td>\n",
       "      <td>0.355820</td>\n",
       "      <td>0.220447</td>\n",
       "      <td>0.016533</td>\n",
       "      <td>-0.220746</td>\n",
       "      <td>0.229651</td>\n",
       "      <td>1.000000</td>\n",
       "    </tr>\n",
       "  </tbody>\n",
       "</table>\n",
       "</div>"
      ],
      "text/plain": [
       "           L101300_x  FIELD_32   S000300   FIELD_5   L190400   L101200  \\\n",
       "L101300_x   1.000000 -0.022784  0.354364  0.041323  0.323366  0.762824   \n",
       "FIELD_32   -0.022784  1.000000  0.021455 -0.203367  0.036116 -0.031995   \n",
       "S000300     0.354364  0.021455  1.000000  0.008997  0.375873  0.180818   \n",
       "FIELD_5     0.041323 -0.203367  0.008997  1.000000  0.028109  0.024201   \n",
       "L190400     0.323366  0.036116  0.375873  0.028109  1.000000  0.176485   \n",
       "L101200     0.762824 -0.031995  0.180818  0.024201  0.176485  1.000000   \n",
       "L100700     0.322611  0.043944  0.428084  0.008379  0.554350  0.192348   \n",
       "L103300     0.311912  0.022779  0.461650 -0.009435  0.375426  0.134726   \n",
       "L190500     0.312994  0.036458  0.359528  0.026186  0.962554  0.171317   \n",
       "FIELD_33    0.199979  0.047271  0.263642  0.003650  0.473783  0.105959   \n",
       "FIELD_38    0.105391  0.051061  0.173957 -0.017545  0.314920  0.103837   \n",
       "L101700     0.447273  0.024942  0.286157 -0.010895  0.323433  0.327543   \n",
       "S000100     0.218538  0.029486  0.272979  0.044434  0.546409  0.110745   \n",
       "FIELD_40    0.004730 -0.012955  0.090986 -0.010969  0.067381  0.053179   \n",
       "L103100    -0.212361 -0.007299 -0.386978 -0.023017 -0.300450 -0.061019   \n",
       "S000501     0.233986  0.009852  0.437754 -0.008216  0.372525  0.143602   \n",
       "y           0.536211 -0.023543  0.342520  0.047412  0.312365  0.306320   \n",
       "\n",
       "            L100700   L103300   L190500  FIELD_33  FIELD_38   L101700  \\\n",
       "L101300_x  0.322611  0.311912  0.312994  0.199979  0.105391  0.447273   \n",
       "FIELD_32   0.043944  0.022779  0.036458  0.047271  0.051061  0.024942   \n",
       "S000300    0.428084  0.461650  0.359528  0.263642  0.173957  0.286157   \n",
       "FIELD_5    0.008379 -0.009435  0.026186  0.003650 -0.017545 -0.010895   \n",
       "L190400    0.554350  0.375426  0.962554  0.473783  0.314920  0.323433   \n",
       "L101200    0.192348  0.134726  0.171317  0.105959  0.103837  0.327543   \n",
       "L100700    1.000000  0.411965  0.534581  0.383505  0.288937  0.334420   \n",
       "L103300    0.411965  1.000000  0.361044  0.291260  0.059301  0.262616   \n",
       "L190500    0.534581  0.361044  1.000000  0.473392  0.309365  0.311465   \n",
       "FIELD_33   0.383505  0.291260  0.473392  1.000000  0.364413  0.301423   \n",
       "FIELD_38   0.288937  0.059301  0.309365  0.364413  1.000000  0.319313   \n",
       "L101700    0.334420  0.262616  0.311465  0.301423  0.319313  1.000000   \n",
       "S000100    0.480124  0.265830  0.544610  0.439916  0.308986  0.223411   \n",
       "FIELD_40   0.079132 -0.009215  0.070647  0.033470  0.081389  0.018271   \n",
       "L103100   -0.323038 -0.740843 -0.279802 -0.259456 -0.003511 -0.139275   \n",
       "S000501    0.341859  0.278527  0.367454  0.203913  0.207384  0.263420   \n",
       "y          0.298661  0.294794  0.301246  0.207938  0.115962  0.355820   \n",
       "\n",
       "            S000100  FIELD_40   L103100   S000501         y  \n",
       "L101300_x  0.218538  0.004730 -0.212361  0.233986  0.536211  \n",
       "FIELD_32   0.029486 -0.012955 -0.007299  0.009852 -0.023543  \n",
       "S000300    0.272979  0.090986 -0.386978  0.437754  0.342520  \n",
       "FIELD_5    0.044434 -0.010969 -0.023017 -0.008216  0.047412  \n",
       "L190400    0.546409  0.067381 -0.300450  0.372525  0.312365  \n",
       "L101200    0.110745  0.053179 -0.061019  0.143602  0.306320  \n",
       "L100700    0.480124  0.079132 -0.323038  0.341859  0.298661  \n",
       "L103300    0.265830 -0.009215 -0.740843  0.278527  0.294794  \n",
       "L190500    0.544610  0.070647 -0.279802  0.367454  0.301246  \n",
       "FIELD_33   0.439916  0.033470 -0.259456  0.203913  0.207938  \n",
       "FIELD_38   0.308986  0.081389 -0.003511  0.207384  0.115962  \n",
       "L101700    0.223411  0.018271 -0.139275  0.263420  0.355820  \n",
       "S000100    1.000000  0.071406 -0.296332  0.290160  0.220447  \n",
       "FIELD_40   0.071406  1.000000  0.025162  0.080340  0.016533  \n",
       "L103100   -0.296332  0.025162  1.000000 -0.196047 -0.220746  \n",
       "S000501    0.290160  0.080340 -0.196047  1.000000  0.229651  \n",
       "y          0.220447  0.016533 -0.220746  0.229651  1.000000  "
      ]
     },
     "execution_count": 5,
     "metadata": {},
     "output_type": "execute_result"
    }
   ],
   "source": [
    "temppd=pd.DataFrame(data.copy()[['L101300_x', 'FIELD_32', 'S000300', 'FIELD_5', 'L190400', 'L101200', 'L100700', \n",
    "                                 'L103300', 'L190500', 'FIELD_33', 'FIELD_38', 'L101700', 'S000100', 'FIELD_40', \n",
    "                                 'L103100', 'S000501'\n",
    "                                ]]).dropna() \n",
    "temppd['y']=data.L101300_y\n",
    "temppd.corr().head(20)\n",
    "# corval=abs(temppd.corr()).sort_values(by='y', ascending=False)\n",
    "\n",
    "# corr = (temppd.corr())\n",
    "# sns.heatmap(corr, vmin=-1, vmax=1)\n",
    "\n",
    "# # mask = np.zeros_like(corr)\n",
    "# # mask[np.triu_indices_from(mask)] = True\n",
    "# # with sns.axes_style(\"white\"):\n",
    "# #     ax = sns.heatmap(corr, mask=mask, vmax=.3, square=True)\n",
    "\n",
    "# corr.head(20)"
   ]
  },
  {
   "cell_type": "code",
   "execution_count": 6,
   "metadata": {},
   "outputs": [],
   "source": [
    "y=data[['L101300_y']]\n",
    "\n",
    "x=data[['L101300_x', 'FIELD_32', 'S000300', 'FIELD_5', 'L190400', 'L101200', 'L100700', \n",
    "                                 'L103300', 'L190500', 'FIELD_33', 'FIELD_38', 'L101700', 'S000100', 'FIELD_40', \n",
    "                                 'L103100', 'S000501']] "
   ]
  },
  {
   "cell_type": "markdown",
   "metadata": {},
   "source": [
    "Apply PCA\n",
    "==========="
   ]
  },
  {
   "cell_type": "code",
   "execution_count": 7,
   "metadata": {},
   "outputs": [],
   "source": [
    "# from sklearn.decomposition import PCA\n",
    "# pca = PCA(n_components=8)\n",
    "# pca.fit(x)\n",
    "\n",
    "# print(pca.explained_variance_ratio_)   \n",
    "# print(np.sum(pca.explained_variance_ratio_))\n",
    "\n",
    "# x=pca.fit_transform(x) \n",
    "# print(x.shape)\n"
   ]
  },
  {
   "cell_type": "markdown",
   "metadata": {},
   "source": [
    "feature scaling\n",
    "======="
   ]
  },
  {
   "cell_type": "code",
   "execution_count": 8,
   "metadata": {},
   "outputs": [],
   "source": [
    "# from sklearn import preprocessing\n",
    "# min_max_scaler = preprocessing.MinMaxScaler()  #StandardScaler()\n",
    "# x = min_max_scaler.fit_transform(x)"
   ]
  },
  {
   "cell_type": "markdown",
   "metadata": {},
   "source": [
    "clustring test\n",
    "=========="
   ]
  },
  {
   "cell_type": "code",
   "execution_count": 9,
   "metadata": {},
   "outputs": [],
   "source": [
    "# from sklearn.cluster import KMeans\n",
    "# from scipy.spatial.distance import cdist\n",
    "\n",
    "# K = range(1,10)\n",
    "# distortions = []\n",
    "\n",
    "# for k in K:\n",
    "#     kmeanModel = KMeans(n_clusters=k).fit(x)\n",
    "#     kmeanModel.fit(x)\n",
    "#     distortions.append(sum(np.min(cdist(x, kmeanModel.cluster_centers_, 'euclidean'), axis=1)) / x.shape[0])\n",
    "\n",
    "# # Plot the elbow\n",
    "# plt.plot(K, distortions, 'bx-')\n",
    "# plt.xlabel('k')\n",
    "# plt.ylabel('Distortion')\n",
    "# plt.title('The Elbow Method showing the optimal k')\n",
    "# plt.show()\n"
   ]
  },
  {
   "cell_type": "code",
   "execution_count": 10,
   "metadata": {},
   "outputs": [],
   "source": [
    "# kmeanModel = KMeans(n_clusters=k).fit(x)\n",
    "# x['lbl']=kmeanModel.labels_ "
   ]
  },
  {
   "cell_type": "markdown",
   "metadata": {},
   "source": [
    "Random Forest Regressor\n",
    "============="
   ]
  },
  {
   "cell_type": "code",
   "execution_count": 11,
   "metadata": {},
   "outputs": [],
   "source": [
    "xtrain,xtest,ytrain,ytest=train_test_split(x, y, random_state=42, test_size=0.2)"
   ]
  },
  {
   "cell_type": "code",
   "execution_count": 12,
   "metadata": {},
   "outputs": [
    {
     "name": "stdout",
     "output_type": "stream",
     "text": [
      "[0.66993792 0.01416041 0.07257596 0.01341504 0.02091385 0.02148473\n",
      " 0.03022532 0.03358198 0.01943719 0.00615027 0.0186619  0.03005747\n",
      " 0.01098225 0.00648312 0.01729783 0.01463478]\n"
     ]
    }
   ],
   "source": [
    "regr = RandomForestRegressor(max_depth=7, random_state=0,verbose =0,n_estimators=50)\n",
    "regr.fit(xtrain, ytrain) \n",
    "print(regr.feature_importances_)\n",
    "ypred=regr.predict(xtest)\n"
   ]
  },
  {
   "cell_type": "code",
   "execution_count": 13,
   "metadata": {},
   "outputs": [
    {
     "name": "stdout",
     "output_type": "stream",
     "text": [
      "mean_squared_error 224.06164055741561\n",
      "root mean_squared_error 14.968688671938354\n",
      "mean_absolute_error 7.887609830855666\n",
      "r2_score 0.38586108156573296\n"
     ]
    },
    {
     "data": {
