{
 "cells": [
  {
   "cell_type": "code",
   "execution_count": 1,
   "metadata": {},
   "outputs": [],
   "source": [
    "from matplotlib import pyplot as plt\n",
    "import pandas as pd \n",
    "import numpy as np\n",
    "import warnings\n",
    "warnings.filterwarnings('ignore')\n",
    "from sklearn.ensemble import RandomForestRegressor\n",
    "from sklearn import metrics as m\n",
    "from sklearn.model_selection import train_test_split\n",
    "import xgboost as xgb\n",
    "import seaborn as sns\n"
   ]
  },
  {
   "cell_type": "markdown",
   "metadata": {},
   "source": [
    "Read the data\n",
    "==========="
   ]
  },
  {
   "cell_type": "code",
   "execution_count": 2,
   "metadata": {},
   "outputs": [],
   "source": [
    "x_original=pd.read_csv('../_xlable4_withNa_AllColumns.txt')\n",
    "y_original=pd.read_csv('../_targelable4_withNa_AllColumns.txt')\n",
    "\n",
    "\n",
    "x_original['max']=np.min(x_original[['FIELD_6','FIELD_7']],axis=1)\n",
    "x_original=x_original.drop(columns=['FIELD_6','FIELD_7'])\n",
    "x_original=x_original.query('FIELD_16 != 1 and FIELD_23 != 1')\n",
    "\n",
    "y_original['max']=np.min(y_original[['FIELD_6','FIELD_7']],axis=1)\n",
    "y_original=y_original.drop(columns=['FIELD_6','FIELD_7'])\n",
    "y_original=y_original.query('FIELD_16 != 1 and FIELD_23 != 1')\n",
    "\n"
   ]
  },
  {
   "cell_type": "code",
   "execution_count": 5,
   "metadata": {},
   "outputs": [
    {
     "name": "stdout",
     "output_type": "stream",
     "text": [
      "(159381, 407)\n",
      "(159381, 407)\n"
     ]
    }
   ],
   "source": [
    "\n",
    "x=x_original[['Unnamed: 0','L102900', 'L103200', 'L103300',  'L103000', 'L100800',\n",
    "       'L104600', 'L100700', 'L101100', 'S000502', 'L190300', 'S000300',\n",
    "       'S000501', 'L101300', 'L101700', 'L190500',\n",
    "              \n",
    "             'FIELD_15','FIELD_17','FIELD_22','FIELD_24','FIELD_16','FIELD_23','AGE','SEX']]\n",
    "\n",
    "y=y_original[['Unnamed: 0','L102900']]\n",
    "\n",
    "print(x_original.shape)\n",
    "print(y_original.shape)"
   ]
  },
  {
   "cell_type": "markdown",
   "metadata": {},
   "source": [
    "Prepare the data\n",
    "============"
   ]
  },
  {
   "cell_type": "code",
   "execution_count": 7,
   "metadata": {},
   "outputs": [
    {
     "name": "stdout",
     "output_type": "stream",
     "text": [
      "(24000, 26)\n"
     ]
    },
    {
     "data": {
      "text/html": [
       "<div>\n",
       "<style scoped>\n",
       "    .dataframe tbody tr th:only-of-type {\n",
       "        vertical-align: middle;\n",
       "    }\n",
       "\n",
       "    .dataframe tbody tr th {\n",
       "        vertical-align: top;\n",
       "    }\n",
       "\n",
       "    .dataframe thead th {\n",
       "        text-align: right;\n",
       "    }\n",
       "</style>\n",
       "<table border=\"1\" class=\"dataframe\">\n",
       "  <thead>\n",
       "    <tr style=\"text-align: right;\">\n",
       "      <th></th>\n",
       "      <th>index</th>\n",
       "      <th>Unnamed: 0</th>\n",
       "      <th>L102900_x</th>\n",
       "      <th>L103200</th>\n",
       "      <th>L103300</th>\n",
       "      <th>L103000</th>\n",
       "      <th>L100800</th>\n",
       "      <th>L104600</th>\n",
       "      <th>L100700</th>\n",
       "      <th>L101100</th>\n",
       "      <th>...</th>\n",
       "      <th>L190500</th>\n",
       "      <th>FIELD_15</th>\n",
       "      <th>FIELD_17</th>\n",
       "      <th>FIELD_22</th>\n",
       "      <th>FIELD_24</th>\n",
       "      <th>FIELD_16</th>\n",
       "      <th>FIELD_23</th>\n",
       "      <th>AGE</th>\n",
       "      <th>SEX</th>\n",
       "      <th>L102900_y</th>\n",
       "    </tr>\n",
       "  </thead>\n",
       "  <tbody>\n",
       "    <tr>\n",
       "      <th>0</th>\n",
       "      <td>2</td>\n",
       "      <td>2</td>\n",
       "      <td>243.0</td>\n",
       "      <td>163.0</td>\n",
       "      <td>3.4</td>\n",
       "      <td>41.0</td>\n",
       "      <td>78.0</td>\n",
       "      <td>5.28</td>\n",
       "      <td>3.8</td>\n",
       "      <td>0.3</td>\n",
       "      <td>...</td>\n",
       "      <td>38.4</td>\n",
       "      <td>0.0</td>\n",
       "      <td>0.0</td>\n",
       "      <td>0.0</td>\n",
       "      <td>0.0</td>\n",
       "      <td>0.0</td>\n",
       "      <td>0.0</td>\n",
       "      <td>46.0</td>\n",
       "      <td>1.0</td>\n",
       "      <td>247.0</td>\n",
       "    </tr>\n",
       "    <tr>\n",
       "      <th>1</th>\n",
       "      <td>4</td>\n",
       "      <td>4</td>\n",
       "      <td>170.0</td>\n",
       "      <td>102.0</td>\n",
       "      <td>2.9</td>\n",
       "      <td>50.0</td>\n",
       "      <td>90.0</td>\n",
       "      <td>5.74</td>\n",
       "      <td>3.4</td>\n",
       "      <td>0.2</td>\n",
       "      <td>...</td>\n",
       "      <td>38.6</td>\n",
       "      <td>0.0</td>\n",
       "      <td>0.0</td>\n",
       "      <td>0.0</td>\n",
       "      <td>0.0</td>\n",
       "      <td>0.0</td>\n",
       "      <td>0.0</td>\n",
       "      <td>52.0</td>\n",
       "      <td>1.0</td>\n",
       "      <td>171.0</td>\n",
       "    </tr>\n",
       "    <tr>\n",
       "      <th>2</th>\n",
       "      <td>7</td>\n",
       "      <td>7</td>\n",
       "      <td>225.0</td>\n",
       "      <td>139.0</td>\n",
       "      <td>2.9</td>\n",
       "      <td>45.0</td>\n",
       "      <td>86.0</td>\n",
       "      <td>5.83</td>\n",
       "      <td>3.9</td>\n",
       "      <td>0.2</td>\n",
       "      <td>...</td>\n",
       "      <td>40.0</td>\n",
       "      <td>0.0</td>\n",
       "      <td>0.0</td>\n",
       "      <td>0.0</td>\n",
       "      <td>0.0</td>\n",
       "      <td>0.0</td>\n",
       "      <td>0.0</td>\n",
       "      <td>37.0</td>\n",
       "      <td>1.0</td>\n",
       "      <td>234.0</td>\n",
       "    </tr>\n",
       "    <tr>\n",
       "      <th>3</th>\n",
       "      <td>8</td>\n",
       "      <td>8</td>\n",
       "      <td>145.0</td>\n",
       "      <td>87.0</td>\n",
       "      <td>3.1</td>\n",
       "      <td>54.0</td>\n",
       "      <td>86.0</td>\n",
       "      <td>4.73</td>\n",
       "      <td>4.2</td>\n",
       "      <td>0.2</td>\n",
       "      <td>...</td>\n",
       "      <td>41.1</td>\n",
       "      <td>0.0</td>\n",
       "      <td>0.0</td>\n",
       "      <td>0.0</td>\n",
       "      <td>0.0</td>\n",
       "      <td>0.0</td>\n",
       "      <td>0.0</td>\n",
       "      <td>39.0</td>\n",
       "      <td>1.0</td>\n",
       "      <td>155.0</td>\n",
       "    </tr>\n",
       "    <tr>\n",
       "      <th>4</th>\n",
       "      <td>59</td>\n",
       "      <td>59</td>\n",
       "      <td>154.0</td>\n",
       "      <td>90.0</td>\n",
       "      <td>2.8</td>\n",
       "      <td>42.0</td>\n",
       "      <td>84.0</td>\n",
       "      <td>4.60</td>\n",
       "      <td>3.1</td>\n",
       "      <td>0.4</td>\n",
       "      <td>...</td>\n",
       "      <td>40.9</td>\n",
       "      <td>0.0</td>\n",
       "      <td>0.0</td>\n",
       "      <td>0.0</td>\n",
       "      <td>0.0</td>\n",
       "      <td>0.0</td>\n",
       "      <td>0.0</td>\n",
       "      <td>19.0</td>\n",
       "      <td>1.0</td>\n",
       "      <td>143.0</td>\n",
       "    </tr>\n",
       "  </tbody>\n",
       "</table>\n",
       "<p>5 rows × 26 columns</p>\n",
       "</div>"
      ],
      "text/plain": [
       "   index  Unnamed: 0  L102900_x  L103200  L103300  L103000  L100800  L104600  \\\n",
       "0      2           2      243.0    163.0      3.4     41.0     78.0     5.28   \n",
       "1      4           4      170.0    102.0      2.9     50.0     90.0     5.74   \n",
       "2      7           7      225.0    139.0      2.9     45.0     86.0     5.83   \n",
       "3      8           8      145.0     87.0      3.1     54.0     86.0     4.73   \n",
       "4     59          59      154.0     90.0      2.8     42.0     84.0     4.60   \n",
       "\n",
       "   L100700  L101100  ...  L190500  FIELD_15  FIELD_17  FIELD_22  FIELD_24  \\\n",
       "0      3.8      0.3  ...     38.4       0.0       0.0       0.0       0.0   \n",
       "1      3.4      0.2  ...     38.6       0.0       0.0       0.0       0.0   \n",
       "2      3.9      0.2  ...     40.0       0.0       0.0       0.0       0.0   \n",
       "3      4.2      0.2  ...     41.1       0.0       0.0       0.0       0.0   \n",
       "4      3.1      0.4  ...     40.9       0.0       0.0       0.0       0.0   \n",
       "\n",
       "   FIELD_16  FIELD_23   AGE  SEX  L102900_y  \n",
       "0       0.0       0.0  46.0  1.0      247.0  \n",
       "1       0.0       0.0  52.0  1.0      171.0  \n",
       "2       0.0       0.0  37.0  1.0      234.0  \n",
       "3       0.0       0.0  39.0  1.0      155.0  \n",
       "4       0.0       0.0  19.0  1.0      143.0  \n",
       "\n",
       "[5 rows x 26 columns]"
      ]
     },
     "execution_count": 7,
     "metadata": {},
     "output_type": "execute_result"
    }
   ],
   "source": [
    "data= pd.merge(x,y, how='inner',left_on='Unnamed: 0', right_on='Unnamed: 0')\n",
    "data=data.query('FIELD_15 !=1 and FIELD_17 !=1 and FIELD_22 != 1 and FIELD_24 != 1 and FIELD_16 != 1 and FIELD_23 != 1')\n",
    "\n",
    "# data=data[data.SEX==0]\n",
    "# data=data[data.AGE>=40]\n",
    "data=data.dropna(). reset_index()\n",
    "\n",
    "# data=data[data.FIELD_15!=1]\n",
    "# data=data[data.FIELD_17!=1]\n",
    "# data=data[data.FIELD_22!=1]\n",
    "# data=data[data.FIELD_24!=1]\n",
    "\n",
    "# data['max']=np.min(data[['FIELD_6','FIELD_7']],axis=1)\n",
    "# data=data.drop(columns=['FIELD_6','FIELD_7'])\n",
    "# data=data.query('FIELD_16 != 1 and FIELD_23 != 1')\n",
    "\n",
    "\n",
    "print(data.shape)\n",
    "data.head()"
   ]
  },
  {
   "cell_type": "markdown",
   "metadata": {},
   "source": [
    "Check the correlation of the selected feature with the independent variables\n",
    "====="
   ]
  },
  {
   "cell_type": "code",
   "execution_count": 9,
   "metadata": {},
   "outputs": [
    {
     "data": {
      "text/html": [
       "<div>\n",
       "<style scoped>\n",
       "    .dataframe tbody tr th:only-of-type {\n",
       "        vertical-align: middle;\n",
       "    }\n",
       "\n",
       "    .dataframe tbody tr th {\n",
       "        vertical-align: top;\n",
       "    }\n",
       "\n",
       "    .dataframe thead th {\n",
       "        text-align: right;\n",
       "    }\n",
       "</style>\n",
       "<table border=\"1\" class=\"dataframe\">\n",
       "  <thead>\n",
       "    <tr style=\"text-align: right;\">\n",
       "      <th></th>\n",
       "      <th>L102900_x</th>\n",
       "      <th>L103200</th>\n",
       "      <th>L103300</th>\n",
       "      <th>AGE</th>\n",
       "      <th>L103000</th>\n",
       "      <th>L100800</th>\n",
       "      <th>L104600</th>\n",
       "      <th>L100700</th>\n",
       "      <th>L101100</th>\n",
       "      <th>S000502</th>\n",
       "      <th>L190300</th>\n",
       "      <th>S000300</th>\n",
       "      <th>S000501</th>\n",
       "      <th>L101300</th>\n",
       "      <th>L101700</th>\n",
       "      <th>L190500</th>\n",
       "      <th>y</th>\n",
       "    </tr>\n",
       "  </thead>\n",
       "  <tbody>\n",
       "    <tr>\n",
       "      <th>L102900_x</th>\n",
       "      <td>1.000000</td>\n",
       "      <td>0.883476</td>\n",
       "      <td>0.530398</td>\n",
       "      <td>0.159350</td>\n",
       "      <td>0.304719</td>\n",
       "      <td>0.183593</td>\n",
       "      <td>0.197549</td>\n",
       "      <td>0.224616</td>\n",
       "      <td>-0.191310</td>\n",
       "      <td>0.181948</td>\n",
       "      <td>0.203499</td>\n",
       "      <td>0.220632</td>\n",
       "      <td>0.173428</td>\n",
       "      <td>0.173802</td>\n",
       "      <td>0.207375</td>\n",
       "      <td>0.223305</td>\n",
       "      <td>0.728538</td>\n",
       "    </tr>\n",
       "    <tr>\n",
       "      <th>L103200</th>\n",
       "      <td>0.883476</td>\n",
       "      <td>1.000000</td>\n",
       "      <td>0.560616</td>\n",
       "      <td>0.165145</td>\n",
       "      <td>-0.016393</td>\n",
       "      <td>0.089473</td>\n",
       "      <td>0.171112</td>\n",
       "      <td>0.173140</td>\n",
       "      <td>-0.114775</td>\n",
       "      <td>0.125032</td>\n",
       "      <td>0.192606</td>\n",
       "      <td>0.204925</td>\n",
       "      <td>0.126978</td>\n",
       "      <td>0.132347</td>\n",
       "      <td>0.076006</td>\n",
       "      <td>0.195616</td>\n",
       "      <td>0.645338</td>\n",
       "    </tr>\n",
       "    <tr>\n",
       "      <th>L103300</th>\n",
       "      <td>0.530398</td>\n",
       "      <td>0.560616</td>\n",
       "      <td>1.000000</td>\n",
       "      <td>0.180053</td>\n",
       "      <td>0.594882</td>\n",
       "      <td>0.280139</td>\n",
       "      <td>0.265608</td>\n",
       "      <td>0.405228</td>\n",
       "      <td>-0.125945</td>\n",
       "      <td>0.239470</td>\n",
       "      <td>0.384078</td>\n",
       "      <td>0.469577</td>\n",
       "      <td>0.262197</td>\n",
       "      <td>0.297243</td>\n",
       "      <td>0.243929</td>\n",
       "      <td>0.363192</td>\n",
       "      <td>0.437229</td>\n",
       "    </tr>\n",
       "    <tr>\n",
       "      <th>AGE</th>\n",
       "      <td>0.159350</td>\n",
       "      <td>0.165145</td>\n",
       "      <td>0.180053</td>\n",
       "      <td>1.000000</td>\n",
       "      <td>0.093490</td>\n",
       "      <td>0.206787</td>\n",
       "      <td>0.204381</td>\n",
       "      <td>0.001406</td>\n",
       "      <td>-0.033720</td>\n",
       "      <td>0.146922</td>\n",
       "      <td>-0.034655</td>\n",
       "      <td>0.098000</td>\n",
       "      <td>0.138069</td>\n",
       "      <td>0.006123</td>\n",
       "      <td>0.055483</td>\n",
       "      <td>0.043789</td>\n",
       "      <td>0.152603</td>\n",
       "    </tr>\n",
       "    <tr>\n",
       "      <th>L103000</th>\n",
       "      <td>0.304719</td>\n",
       "      <td>-0.016393</td>\n",
       "      <td>0.594882</td>\n",
       "      <td>0.093490</td>\n",
       "      <td>1.000000</td>\n",
       "      <td>0.352067</td>\n",
       "      <td>0.205972</td>\n",
       "      <td>0.362881</td>\n",
       "      <td>-0.170792</td>\n",
       "      <td>0.241484</td>\n",
       "      <td>0.277474</td>\n",
       "      <td>0.355196</td>\n",
       "      <td>0.250072</td>\n",
       "      <td>0.255889</td>\n",
       "      <td>0.371004</td>\n",
       "      <td>0.280317</td>\n",
       "      <td>0.258607</td>\n",
       "    </tr>\n",
       "    <tr>\n",
       "      <th>L100800</th>\n",
       "      <td>0.183593</td>\n",
       "      <td>0.089473</td>\n",
       "      <td>0.280139</td>\n",
       "      <td>0.206787</td>\n",
       "      <td>0.352067</td>\n",
       "      <td>1.000000</td>\n",
       "      <td>0.584240</td>\n",
       "      <td>0.196505</td>\n",
       "      <td>-0.070914</td>\n",
       "      <td>0.251752</td>\n",
       "      <td>0.199849</td>\n",
       "      <td>0.317813</td>\n",
       "      <td>0.274087</td>\n",
       "      <td>0.177461</td>\n",
       "      <td>0.239333</td>\n",
       "      <td>0.215993</td>\n",
       "      <td>0.153137</td>\n",
       "    </tr>\n",
       "    <tr>\n",
       "      <th>L104600</th>\n",
       "      <td>0.197549</td>\n",
       "      <td>0.171112</td>\n",
       "      <td>0.265608</td>\n",
       "      <td>0.204381</td>\n",
       "      <td>0.205972</td>\n",
       "      <td>0.584240</td>\n",
       "      <td>1.000000</td>\n",
       "      <td>0.107040</td>\n",
       "      <td>-0.152235</td>\n",
       "      <td>0.142409</td>\n",
       "      <td>0.131522</td>\n",
       "      <td>0.253323</td>\n",
       "      <td>0.148310</td>\n",
       "      <td>0.170197</td>\n",
       "      <td>0.144561</td>\n",
       "      <td>0.100232</td>\n",
       "      <td>0.176907</td>\n",
       "    </tr>\n",
       "    <tr>\n",
       "      <th>L100700</th>\n",
       "      <td>0.224616</td>\n",
       "      <td>0.173140</td>\n",
       "      <td>0.405228</td>\n",
       "      <td>0.001406</td>\n",
       "      <td>0.362881</td>\n",
       "      <td>0.196505</td>\n",
       "      <td>0.107040</td>\n",
       "      <td>1.000000</td>\n",
       "      <td>0.146742</td>\n",
       "      <td>0.291489</td>\n",
       "      <td>0.505041</td>\n",
       "      <td>0.422817</td>\n",
       "      <td>0.328854</td>\n",
       "      <td>0.314608</td>\n",
       "      <td>0.318213</td>\n",
       "      <td>0.516941</td>\n",
       "      <td>0.159385</td>\n",
       "    </tr>\n",
       "    <tr>\n",
       "      <th>L101100</th>\n",
       "      <td>-0.191310</td>\n",
       "      <td>-0.114775</td>\n",
       "      <td>-0.125945</td>\n",
       "      <td>-0.033720</td>\n",
       "      <td>-0.170792</td>\n",
       "      <td>-0.070914</td>\n",
       "      <td>-0.152235</td>\n",
       "      <td>0.146742</td>\n",
       "      <td>1.000000</td>\n",
       "      <td>0.040966</td>\n",
       "      <td>0.208896</td>\n",
       "      <td>-0.014090</td>\n",
       "      <td>0.058768</td>\n",
       "      <td>0.066149</td>\n",
       "      <td>0.053663</td>\n",
       "      <td>0.242419</td>\n",
       "      <td>-0.204120</td>\n",
       "    </tr>\n",
       "    <tr>\n",
       "      <th>S000502</th>\n",
       "      <td>0.181948</td>\n",
       "      <td>0.125032</td>\n",
       "      <td>0.239470</td>\n",
       "      <td>0.146922</td>\n",
       "      <td>0.241484</td>\n",
       "      <td>0.251752</td>\n",
       "      <td>0.142409</td>\n",
       "      <td>0.291489</td>\n",
       "      <td>0.040966</td>\n",
       "      <td>1.000000</td>\n",
       "      <td>0.319200</td>\n",
       "      <td>0.342282</td>\n",
       "      <td>0.760153</td>\n",
       "      <td>0.198206</td>\n",
       "      <td>0.237066</td>\n",
       "      <td>0.327712</td>\n",
       "      <td>0.138710</td>\n",
       "    </tr>\n",
       "    <tr>\n",
       "      <th>L190300</th>\n",
       "      <td>0.203499</td>\n",
       "      <td>0.192606</td>\n",
       "      <td>0.384078</td>\n",
       "      <td>-0.034655</td>\n",
       "      <td>0.277474</td>\n",
       "      <td>0.199849</td>\n",
       "      <td>0.131522</td>\n",
       "      <td>0.505041</td>\n",
       "      <td>0.208896</td>\n",
       "      <td>0.319200</td>\n",
       "      <td>1.000000</td>\n",
       "      <td>0.368085</td>\n",
       "      <td>0.357564</td>\n",
       "      <td>0.304151</td>\n",
       "      <td>0.235369</td>\n",
       "      <td>0.875480</td>\n",
       "      <td>0.125196</td>\n",
       "    </tr>\n",
       "    <tr>\n",
       "      <th>S000300</th>\n",
       "      <td>0.220632</td>\n",
       "      <td>0.204925</td>\n",
       "      <td>0.469577</td>\n",
       "      <td>0.098000</td>\n",
       "      <td>0.355196</td>\n",
       "      <td>0.317813</td>\n",
       "      <td>0.253323</td>\n",
       "      <td>0.422817</td>\n",
       "      <td>-0.014090</td>\n",
       "      <td>0.342282</td>\n",
       "      <td>0.368085</td>\n",
       "      <td>1.000000</td>\n",
       "      <td>0.430046</td>\n",
       "      <td>0.355753</td>\n",
       "      <td>0.274048</td>\n",
       "      <td>0.340650</td>\n",
       "      <td>0.197846</td>\n",
       "    </tr>\n",
       "    <tr>\n",
       "      <th>S000501</th>\n",
       "      <td>0.173428</td>\n",
       "      <td>0.126978</td>\n",
       "      <td>0.262197</td>\n",
       "      <td>0.138069</td>\n",
       "      <td>0.250072</td>\n",
       "      <td>0.274087</td>\n",
       "      <td>0.148310</td>\n",
       "      <td>0.328854</td>\n",
       "      <td>0.058768</td>\n",
       "      <td>0.760153</td>\n",
       "      <td>0.357564</td>\n",
       "      <td>0.430046</td>\n",
       "      <td>1.000000</td>\n",
       "      <td>0.216426</td>\n",
       "      <td>0.241786</td>\n",
       "      <td>0.356480</td>\n",
       "      <td>0.141957</td>\n",
       "    </tr>\n",
       "    <tr>\n",
       "      <th>L101300</th>\n",
       "      <td>0.173802</td>\n",
       "      <td>0.132347</td>\n",
       "      <td>0.297243</td>\n",
       "      <td>0.006123</td>\n",
       "      <td>0.255889</td>\n",
       "      <td>0.177461</td>\n",
       "      <td>0.170197</td>\n",
       "      <td>0.314608</td>\n",
       "      <td>0.066149</td>\n",
       "      <td>0.198206</td>\n",
       "      <td>0.304151</td>\n",
       "      <td>0.355753</td>\n",
       "      <td>0.216426</td>\n",
       "      <td>1.000000</td>\n",
       "      <td>0.446527</td>\n",
       "      <td>0.306813</td>\n",
       "      <td>0.117518</td>\n",
       "    </tr>\n",
       "    <tr>\n",
       "      <th>L101700</th>\n",
       "      <td>0.207375</td>\n",
       "      <td>0.076006</td>\n",
       "      <td>0.243929</td>\n",
       "      <td>0.055483</td>\n",
       "      <td>0.371004</td>\n",
       "      <td>0.239333</td>\n",
       "      <td>0.144561</td>\n",
       "      <td>0.318213</td>\n",
       "      <td>0.053663</td>\n",
       "      <td>0.237066</td>\n",
       "      <td>0.235369</td>\n",
       "      <td>0.274048</td>\n",
       "      <td>0.241786</td>\n",
       "      <td>0.446527</td>\n",
       "      <td>1.000000</td>\n",
       "      <td>0.285638</td>\n",
       "      <td>0.160742</td>\n",
       "    </tr>\n",
       "    <tr>\n",
       "      <th>L190500</th>\n",
       "      <td>0.223305</td>\n",
       "      <td>0.195616</td>\n",
       "      <td>0.363192</td>\n",
       "      <td>0.043789</td>\n",
       "      <td>0.280317</td>\n",
       "      <td>0.215993</td>\n",
       "      <td>0.100232</td>\n",
       "      <td>0.516941</td>\n",
       "      <td>0.242419</td>\n",
       "      <td>0.327712</td>\n",
       "      <td>0.875480</td>\n",
       "      <td>0.340650</td>\n",
       "      <td>0.356480</td>\n",
       "      <td>0.306813</td>\n",
       "      <td>0.285638</td>\n",
       "      <td>1.000000</td>\n",
       "      <td>0.137652</td>\n",
       "    </tr>\n",
       "    <tr>\n",
       "      <th>y</th>\n",
       "      <td>0.728538</td>\n",
       "      <td>0.645338</td>\n",
       "      <td>0.437229</td>\n",
       "      <td>0.152603</td>\n",
       "      <td>0.258607</td>\n",
       "      <td>0.153137</td>\n",
       "      <td>0.176907</td>\n",
       "      <td>0.159385</td>\n",
       "      <td>-0.204120</td>\n",
       "      <td>0.138710</td>\n",
       "      <td>0.125196</td>\n",
       "      <td>0.197846</td>\n",
       "      <td>0.141957</td>\n",
       "      <td>0.117518</td>\n",
       "      <td>0.160742</td>\n",
       "      <td>0.137652</td>\n",
       "      <td>1.000000</td>\n",
       "    </tr>\n",
       "  </tbody>\n",
       "</table>\n",
       "</div>"
      ],
      "text/plain": [
       "           L102900_x   L103200   L103300       AGE   L103000   L100800  \\\n",
       "L102900_x   1.000000  0.883476  0.530398  0.159350  0.304719  0.183593   \n",
       "L103200     0.883476  1.000000  0.560616  0.165145 -0.016393  0.089473   \n",
       "L103300     0.530398  0.560616  1.000000  0.180053  0.594882  0.280139   \n",
       "AGE         0.159350  0.165145  0.180053  1.000000  0.093490  0.206787   \n",
       "L103000     0.304719 -0.016393  0.594882  0.093490  1.000000  0.352067   \n",
       "L100800     0.183593  0.089473  0.280139  0.206787  0.352067  1.000000   \n",
       "L104600     0.197549  0.171112  0.265608  0.204381  0.205972  0.584240   \n",
       "L100700     0.224616  0.173140  0.405228  0.001406  0.362881  0.196505   \n",
       "L101100    -0.191310 -0.114775 -0.125945 -0.033720 -0.170792 -0.070914   \n",
       "S000502     0.181948  0.125032  0.239470  0.146922  0.241484  0.251752   \n",
       "L190300     0.203499  0.192606  0.384078 -0.034655  0.277474  0.199849   \n",
       "S000300     0.220632  0.204925  0.469577  0.098000  0.355196  0.317813   \n",
       "S000501     0.173428  0.126978  0.262197  0.138069  0.250072  0.274087   \n",
       "L101300     0.173802  0.132347  0.297243  0.006123  0.255889  0.177461   \n",
       "L101700     0.207375  0.076006  0.243929  0.055483  0.371004  0.239333   \n",
       "L190500     0.223305  0.195616  0.363192  0.043789  0.280317  0.215993   \n",
       "y           0.728538  0.645338  0.437229  0.152603  0.258607  0.153137   \n",
       "\n",
       "            L104600   L100700   L101100   S000502   L190300   S000300  \\\n",
       "L102900_x  0.197549  0.224616 -0.191310  0.181948  0.203499  0.220632   \n",
       "L103200    0.171112  0.173140 -0.114775  0.125032  0.192606  0.204925   \n",
       "L103300    0.265608  0.405228 -0.125945  0.239470  0.384078  0.469577   \n",
       "AGE        0.204381  0.001406 -0.033720  0.146922 -0.034655  0.098000   \n",
       "L103000    0.205972  0.362881 -0.170792  0.241484  0.277474  0.355196   \n",
       "L100800    0.584240  0.196505 -0.070914  0.251752  0.199849  0.317813   \n",
       "L104600    1.000000  0.107040 -0.152235  0.142409  0.131522  0.253323   \n",
       "L100700    0.107040  1.000000  0.146742  0.291489  0.505041  0.422817   \n",
       "L101100   -0.152235  0.146742  1.000000  0.040966  0.208896 -0.014090   \n",
       "S000502    0.142409  0.291489  0.040966  1.000000  0.319200  0.342282   \n",
       "L190300    0.131522  0.505041  0.208896  0.319200  1.000000  0.368085   \n",
       "S000300    0.253323  0.422817 -0.014090  0.342282  0.368085  1.000000   \n",
       "S000501    0.148310  0.328854  0.058768  0.760153  0.357564  0.430046   \n",
       "L101300    0.170197  0.314608  0.066149  0.198206  0.304151  0.355753   \n",
       "L101700    0.144561  0.318213  0.053663  0.237066  0.235369  0.274048   \n",
       "L190500    0.100232  0.516941  0.242419  0.327712  0.875480  0.340650   \n",
       "y          0.176907  0.159385 -0.204120  0.138710  0.125196  0.197846   \n",
       "\n",
       "            S000501   L101300   L101700   L190500         y  \n",
       "L102900_x  0.173428  0.173802  0.207375  0.223305  0.728538  \n",
       "L103200    0.126978  0.132347  0.076006  0.195616  0.645338  \n",
       "L103300    0.262197  0.297243  0.243929  0.363192  0.437229  \n",
       "AGE        0.138069  0.006123  0.055483  0.043789  0.152603  \n",
       "L103000    0.250072  0.255889  0.371004  0.280317  0.258607  \n",
       "L100800    0.274087  0.177461  0.239333  0.215993  0.153137  \n",
       "L104600    0.148310  0.170197  0.144561  0.100232  0.176907  \n",
       "L100700    0.328854  0.314608  0.318213  0.516941  0.159385  \n",
       "L101100    0.058768  0.066149  0.053663  0.242419 -0.204120  \n",
       "S000502    0.760153  0.198206  0.237066  0.327712  0.138710  \n",
       "L190300    0.357564  0.304151  0.235369  0.875480  0.125196  \n",
       "S000300    0.430046  0.355753  0.274048  0.340650  0.197846  \n",
       "S000501    1.000000  0.216426  0.241786  0.356480  0.141957  \n",
       "L101300    0.216426  1.000000  0.446527  0.306813  0.117518  \n",
       "L101700    0.241786  0.446527  1.000000  0.285638  0.160742  \n",
       "L190500    0.356480  0.306813  0.285638  1.000000  0.137652  \n",
       "y          0.141957  0.117518  0.160742  0.137652  1.000000  "
      ]
     },
     "execution_count": 9,
     "metadata": {},
     "output_type": "execute_result"
    }
   ],
   "source": [
    "temppd=pd.DataFrame(data.copy()[['L102900_x', 'L103200', 'L103300', 'AGE', 'L103000', 'L100800',\n",
    "       'L104600', 'L100700', 'L101100', 'S000502', 'L190300', 'S000300',\n",
    "       'S000501', 'L101300', 'L101700', 'L190500'\n",
    "                                ]]).dropna() \n",
    "temppd['y']=data.L102900_y\n",
    "temppd.corr().head(20)\n",
    "# corval=abs(temppd.corr()).sort_values(by='y', ascending=False)\n",
    "\n",
    "# corr = (temppd.corr())\n",
    "# sns.heatmap(corr, vmin=-1, vmax=1)\n",
    "\n",
    "# # mask = np.zeros_like(corr)\n",
    "# # mask[np.triu_indices_from(mask)] = True\n",
    "# # with sns.axes_style(\"white\"):\n",
    "# #     ax = sns.heatmap(corr, mask=mask, vmax=.3, square=True)\n",
    "\n",
    "# corr.head(20)"
   ]
  },
  {
   "cell_type": "code",
   "execution_count": 12,
   "metadata": {},
   "outputs": [],
   "source": [
    "y=data[['L102900_y']]\n",
    "\n",
    "x=data[['L102900_x', 'L103200', 'L103300', 'AGE', 'L103000', 'L100800',\n",
    "       'L104600', 'L100700', 'L101100', 'S000502', 'L190300', 'S000300',\n",
    "       'S000501', 'L101300', 'L101700', 'L190500']] "
   ]
  },
  {
   "cell_type": "markdown",
   "metadata": {},
   "source": [
    "Apply PCA\n",
    "==========="
   ]
  },
  {
   "cell_type": "code",
   "execution_count": 13,
   "metadata": {},
   "outputs": [],
   "source": [
    "# from sklearn.decomposition import PCA\n",
    "# pca = PCA(n_components=8)\n",
    "# pca.fit(x)\n",
    "\n",
    "# print(pca.explained_variance_ratio_)   \n",
    "# print(np.sum(pca.explained_variance_ratio_))\n",
    "\n",
    "# x=pca.fit_transform(x) \n",
    "# print(x.shape)\n"
   ]
  },
  {
   "cell_type": "markdown",
   "metadata": {},
   "source": [
    "feature scaling\n",
    "======="
   ]
  },
  {
   "cell_type": "code",
   "execution_count": 14,
   "metadata": {},
   "outputs": [],
   "source": [
    "# from sklearn import preprocessing\n",
    "# min_max_scaler = preprocessing.MinMaxScaler()  #StandardScaler()\n",
    "# x = min_max_scaler.fit_transform(x)"
   ]
  },
  {
   "cell_type": "markdown",
   "metadata": {},
   "source": [
    "clustring test\n",
    "=========="
   ]
  },
  {
   "cell_type": "code",
   "execution_count": 15,
   "metadata": {},
   "outputs": [],
   "source": [
    "# from sklearn.cluster import KMeans\n",
    "# from scipy.spatial.distance import cdist\n",
    "\n",
    "# K = range(1,10)\n",
    "# distortions = []\n",
    "\n",
    "# for k in K:\n",
    "#     kmeanModel = KMeans(n_clusters=k).fit(x)\n",
    "#     kmeanModel.fit(x)\n",
    "#     distortions.append(sum(np.min(cdist(x, kmeanModel.cluster_centers_, 'euclidean'), axis=1)) / x.shape[0])\n",
    "\n",
    "# # Plot the elbow\n",
    "# plt.plot(K, distortions, 'bx-')\n",
    "# plt.xlabel('k')\n",
    "# plt.ylabel('Distortion')\n",
    "# plt.title('The Elbow Method showing the optimal k')\n",
    "# plt.show()\n"
   ]
  },
  {
   "cell_type": "code",
   "execution_count": 16,
   "metadata": {},
   "outputs": [],
   "source": [
    "# kmeanModel = KMeans(n_clusters=k).fit(x)\n",
    "# x['lbl']=kmeanModel.labels_ "
   ]
  },
  {
   "cell_type": "markdown",
   "metadata": {},
   "source": [
    "Random Forest Regressor\n",
    "============="
   ]
  },
  {
   "cell_type": "code",
   "execution_count": 20,
   "metadata": {},
   "outputs": [],
   "source": [
    "xtrain,xtest,ytrain,ytest=train_test_split(x, y, random_state=42, test_size=0.2)"
   ]
  },
  {
   "cell_type": "code",
   "execution_count": 21,
   "metadata": {},
   "outputs": [
    {
     "name": "stdout",
     "output_type": "stream",
     "text": [
      "[0.91805463 0.00611774 0.0076895  0.00624106 0.01150389 0.00476623\n",
      " 0.00664082 0.00376099 0.00435527 0.00246249 0.0063489  0.00503575\n",
      " 0.00348559 0.00338612 0.00376289 0.00638814]\n"
     ]
    }
   ],
   "source": [
    "regr = RandomForestRegressor(max_depth=7, random_state=0,verbose =0,n_estimators=50)\n",
    "regr.fit(xtrain, ytrain) \n",
    "print(regr.feature_importances_)\n",
    "ypred=regr.predict(xtest)\n"
   ]
  },
  {
   "cell_type": "code",
   "execution_count": 22,
   "metadata": {},
   "outputs": [
    {
     "name": "stdout",
     "output_type": "stream",
     "text": [
      "mean_squared_error 545.0486243919847\n",
      "root mean_squared_error 23.346276456685437\n",
      "mean_absolute_error 17.746864471513124\n",
      "r2_score 0.5202092715686435\n"
     ]
    },
    {
     "data": {
